80
-20
50
80
10
-20
10
12.5
80
10
-57.5
12.5
-57.5
-5.625
10
-5.625
-10.78125
-57.5
-5.625
16.4453125
-10.78125
16.4453125
-2.685546875
-5.625
-2.685546875
0.62744140625
16.4453125
-2.685546875
7.70812988281
0.62744140625
7.70812988281
1.56936645508
-2.685546875
1.56936645508
0.976600646973
7.70812988281
1.56936645508
-1.94458961487
0.976600646973
-1.94458961487
0.394494533539
1.56936645508
0.394494533539
0.397159457207
-1.94458961487
0.397159457207
-0.774381309748
0.394494533539
0.397159457207
-0.480163656175
-0.774381309748
0.397159457207
-0.407941704616
-0.480163656175
-0.407941704616
0.469381408766
0.397159457207
-0.407941704616
0.213939654641
0.469381408766
0.213939654641
0.186190191889
-0.407941704616
0.186190191889
-0.103938390675
0.213939654641
-0.103938390675
-0.0452809764101
0.186190191889
-0.103938390675
0.0557902541732
-0.0452809764101
0.0557902541732
-0.00286716009214
-0.103938390675
-0.00286716009214
-0.0387384218175
0.0557902541732
-0.0387384218175
0.0174937316092
-0.00286716009214
0.0174937316092
-0.00674475259814
-0.0387384218175
0.0174937316092
-0.016681966156
-0.00674475259814
-0.016681966156
-0.00316943493576
0.0174937316092
-0.00316943493576
0.00378401553166
-0.016681966156
0.00378401553166
-0.00818733792901
-0.00316943493576
0.00378401553166
-0.00123388746158
-0.00818733792901
0.00378401553166
-0.00345613694699
-0.00123388746158
0.00378401553166
-0.000534974084623
-0.00345613694699
-0.000534974084623
-0.000915808111733
0.00378401553166
-0.000915808111733
0.00152931221674
-0.000534974084623
-0.000915808111733
-0.000114111016059
0.00152931221674
-0.000114111016059
0.000507176326423
-0.000915808111733
0.000507176326423
-0.000359637728276
-0.000114111016059
-0.000359637728276
-2.01708584928e-05
0.000507176326423
-0.000359637728276
0.000158636016519
-2.01708584928e-05
0.000158636016519
-6.03358571855e-05
-0.000359637728276
0.000158636016519
-0.000155243824304
-6.03358571855e-05
-0.000155243824304
3.2712072754e-05
0.000158636016519
3.2712072754e-05
4.86850703721e-05
-0.000155243824304
4.86850703721e-05
-5.72726263706e-05
3.2712072754e-05
4.86850703721e-05
-4.12996287525e-05
-5.72726263706e-05
4.86850703721e-05
-2.67899527804e-05
-4.12996287525e-05
-2.67899527804e-05
-1.51760349784e-05
4.86850703721e-05
20
170
250
20
-60
170
-60
75.0
20
-60
-5.0
75.0
-5.0
21.25
-60
21.25
-25.9375
-5.0
21.25
-1.015625
-25.9375
-1.015625
-7.91015625
21.25
-7.91015625
8.3935546875
-1.015625
-7.91015625
-0.386962890625
8.3935546875
-0.386962890625
2.12249755859
-7.91015625
2.12249755859
-3.52119445801
-0.386962890625
2.12249755859
-0.855541229248
-3.52119445801
-0.855541229248
-1.44385814667
2.12249755859
-1.44385814667
0.486398935318
-0.855541229248
0.486398935318
-0.667135417461
-1.44385814667
0.486398935318
0.586376711726
-0.667135417461
0.486398935318
-0.0653737969697
0.586376711726
-0.0653737969697
-0.165351573378
0.486398935318
-0.0653737969697
0.185518125072
-0.165351573378
0.185518125072
-0.0526397046633
-0.0653737969697
-0.0526397046633
0.000532706617378
0.185518125072
0.000532706617378
-0.131839311071
-0.0526397046633
0.000532706617378
-0.0591465034449
-0.131839311071
-0.0591465034449
0.0732255142429
0.000532706617378
0.0732255142429
0.00378610600819
-0.0591465034449
0.00378610600819
-0.0103203466597
0.0732255142429
-0.0103203466597
0.0349791969586
0.00378610600819
-0.0103203466597
0.00805776557883
0.0349791969586
0.00805776557883
0.0169239532091
-0.0103203466597
0.0169239532091
0.00108525636714
0.00805776557883
0.00108525636714
0.00853118518347
0.0169239532091
0.00108525636714
-0.00730751165848
0.00853118518347
0.00108525636714
0.0027100287689
-0.00730751165848
0.00108525636714
-0.00270493454523
0.0027100287689
-0.00270493454523
0.000950094839926
0.00108525636714
0.000950094839926
0.000103918257242
-0.00270493454523
0.000950094839926
-0.00108896399832
0.000103918257242
-0.00108896399832
1.72418390215e-05
0.000950094839926
1.72418390215e-05
0.000207116880137
-0.00108896399832
0.000207116880137
-0.000488392319372
1.72418390215e-05
0.000207116880137
-6.1697940298e-05
-0.000488392319372
-6.1697940298e-05
-0.000207841424726
0.000207116880137
-6.1697940298e-05
3.61735988126e-05
-0.000207841424726
3.61735988126e-05
8.47774562491e-05
-6.1697940298e-05
8.47774562491e-05
-6.11206383583e-07
3.61735988126e-05
-6.11206383583e-07
3.91283618727e-05
8.47774562491e-05
-6.11206383583e-07
-4.626030076e-05
3.91283618727e-05
-6.11206383583e-07
7.84630415043e-06
-4.626030076e-05
7.84630415043e-06
-2.13213759383e-05
-6.11206383583e-07
