20,20,20,53.04,79.9,48.28,52.7,79.56,47.94,52.7,79.56,48.28,
20,20,30,26.86,2.38,15.9800005,27.2,63.24,44.54,29.92,4.42,44.88,
20,20,40,18.02,49.64,41.48,18.36,49.98,41.82,18.36,49.98,41.82,
20,20,50,0.0,34.68,36.04,0.0,34.68,71.74,0.0,34.68,36.04,
20,20,60,-16.32,21.42,32.64,-15.9800005,20.74,32.64,-15.9800005,20.74,32.98,
20,20,70,-33.66,11.56,29.92,-32.98,11.56,30.26,-32.98,11.56,30.6,
20,20,80,-48.28,-2.38,26.86,-48.28,-2.04,27.2,-48.28,-2.04,12.92,
20,30,20,30.94,64.26,31.28,28.56,64.94,31.960001,28.56,64.26,31.62,
20,30,30,21.76,52.7,30.94,21.08,53.04,30.26,21.08,52.7,29.92,
20,30,40,6.12,41.48,28.220001,6.46,41.82,28.56,6.12,42.16,28.220001,
20,30,50,-13.6,28.220001,24.14,-13.6,27.54,23.460001,-12.92,28.220001,24.48,
20,30,60,-27.2,13.940001,20.4,-27.2,12.92,19.72,-27.2,13.26,18.7,
20,30,70,-46.58,-31.28,96.9,-46.24,3.4,17.0,-46.920002,3.4,15.9800005,
20,30,80,-60.86,-9.18,13.6,-55.760002,-6.8,16.66,-55.08,-6.46,17.0,
20,40,20,24.48,54.4,11.56,21.42,54.4,11.900001,24.14,54.06,11.56,
20,40,30,10.2,43.86,11.56,11.22,43.18,11.900001,10.2,43.52,11.22,
20,40,40,-4.76,33.66,10.54,-5.1,33.32,9.52,-5.1,33.32,9.86,
20,40,50,-18.7,23.12,8.84,-18.7,22.78,129.2,-18.7,22.78,128.86,
20,40,60,-38.08,11.22,125.46,-38.08,10.2,125.12,-37.74,10.2,126.14,
20,40,70,-48.62,-2.04,8.84,-48.96,-2.38,7.82,-49.3,-2.72,7.48,
20,40,80,-67.32,-12.24,5.1,-67.32,-12.24,5.44,-67.32,-12.24,5.1,
20,50,20,17.34,45.9,-4.08,16.66,46.24,-5.1,16.32,46.58,-4.42,
20,50,30,5.44,34.0,-5.1,6.46,34.34,-3.74,3.74,34.0,-3.74,
20,50,40,-14.96,21.76,-4.08,-15.3,22.1,-4.08,-15.9800005,22.44,-4.08,
20,50,50,-28.9,12.58,-3.74,-29.24,13.26,-3.4,-29.92,12.58,-5.1,
20,50,60,-43.86,65.62,-3.74,-43.52,3.4,-3.4,-43.86,3.74,-4.42,
20,50,70,-60.86,-9.52,-3.06,-147.56,-95.88,-3.4,-60.52,-9.18,-2.38,
20,50,80,-72.76,-20.4,-0.68,-72.76,-20.4,-0.68,-72.76,-20.4,-0.68,
20,60,20,4.08,39.44,-16.32,3.4,37.74,-17.68,3.74,39.100002,-14.62,
20,60,30,-13.6,161.5,-19.04,-10.54,26.52,-16.66,-12.58,162.86,-17.0,
20,60,40,-22.1,16.66,-15.3,-21.76,16.32,-15.64,-22.1,16.32,-15.3,
20,60,50,-34.0,6.46,-15.3,-33.32,5.78,-15.64,-33.32,5.78,-15.64,
20,60,60,-50.66,-6.12,-15.3,-50.66,-6.12,-14.96,-50.66,-5.78,-14.96,
20,60,70,-67.66,-17.68,-13.940001,-67.32,-17.68,-13.6,-68.0,-17.34,-13.940001,
20,60,80,-78.54,-25.16,-9.52,-161.16,-25.16,-8.5,-78.200005,-25.16,-9.86,
20,70,20,1.02,147.56,-36.38,0.68,30.94,-94.520004,0.68,146.88,-36.04,
20,70,30,-14.28,21.42,-31.62,-13.940001,21.08,-31.960001,-14.28,19.72,-33.66,
20,70,40,-28.9,8.5,-31.28,-28.56,8.16,-31.28,-27.880001,8.5,-31.28,
20,70,50,-40.46,0.0,-28.56,-40.8,0.34,-28.220001,-41.48,0.34,-28.9,
20,70,60,-56.100002,-10.54,-27.54,-55.760002,-10.54,-27.2,-56.100002,-10.2,-27.880001,
20,70,70,-69.020004,-21.42,-22.78,-68.68,-21.42,-22.78,-68.68,-21.08,-24.14,
20,70,80,-81.26,-30.26,-14.28,-163.54001,-30.6,-12.92,-81.26,-30.26,-22.1,
20,80,20,-3.74,23.800001,-51.0,-5.44,23.12,-53.38,-3.74,23.460001,-51.34,
20,80,30,-17.68,14.28,-49.3,-16.66,13.940001,-49.3,-17.34,13.940001,-49.64,
20,80,40,-28.9,2.04,-44.2,-29.92,1.36,-46.24,-29.58,2.38,-44.2,
20,80,50,-43.18,-6.46,-41.14,-42.84,-6.46,-40.46,-43.52,-6.12,-41.14,
20,80,60,-57.46,-16.66,-37.74,-57.46,-16.66,-38.08,-57.46,-17.0,-37.74,
20,80,70,-69.36,-25.5,60.18,-69.020004,-25.84,60.18,-69.36,-26.18,-33.66,
20,80,80,-77.520004,-33.66,-29.24,-77.520004,-33.66,-30.26,-77.520004,-33.32,-31.62,
30,20,20,54.06,74.8,53.04,53.72,75.48,54.06,53.38,75.14,53.38,
30,20,30,38.760002,62.9,47.600002,39.100002,62.56,47.600002,39.78,62.9,48.62,
30,20,40,26.52,46.920002,43.18,26.52,47.600002,43.52,26.52,47.260002,43.18,
30,20,50,6.46,-47.600002,4.76,8.16,29.92,37.06,10.2,29.92,39.44,
30,20,60,-7.14,15.3,4.08,-7.48,15.9800005,4.76,-7.14,15.64,4.76,
30,20,70,-21.76,3.4,3.06,-21.42,3.4,3.4,-57.8,3.4,2.72,
30,20,80,-39.78,-10.2,1.36,-39.100002,-10.2,-1.36,-38.420002,-10.2,3.06,
30,30,20,43.86,66.3,34.68,44.2,66.3,35.02,43.86,66.3,34.34,
30,30,30,30.94,51.34,29.24,30.94,51.34,29.24,30.94,51.34,28.9,
30,30,40,12.92,37.06,24.82,12.92,37.06,24.82,12.92,36.38,24.82,
30,30,50,-3.74,25.16,24.48,-3.06,109.48,24.82,-3.06,-54.06,24.48,
30,30,60,-24.14,8.5,19.04,-24.48,8.16,19.72,-24.14,8.16,19.04,
30,30,70,-31.28,-2.72,18.02,-30.94,-2.38,18.02,-31.28,-2.38,18.02,
30,30,80,-52.02,-15.9800005,15.9800005,-52.7,-15.64,15.3,-52.7,-15.9800005,15.3,
30,40,20,32.98,52.02,14.28,32.64,52.02,14.62,32.98,51.34,14.28,
30,40,30,18.02,40.46,12.24,18.7,41.14,13.26,18.7,41.48,12.92,
30,40,40,3.06,27.2,11.56,2.72,27.2,10.88,3.06,26.52,10.54,
30,40,50,-13.6,13.26,10.2,-12.58,13.26,9.86,-14.96,13.940001,9.52,
30,40,60,-25.84,1.7,9.18,-25.84,2.04,9.18,-25.84,1.7,8.84,
30,40,70,-38.420002,-9.52,8.84,-38.760002,-9.18,8.84,-38.420002,-9.52,8.84,
30,40,80,-58.14,-19.04,5.78,-58.48,-18.7,5.78,-58.48,-19.04,6.12,
30,50,20,22.78,43.52,-5.78,23.12,43.18,-5.78,22.78,43.86,-5.1,
30,50,30,13.26,30.94,-4.08,13.26,30.94,-4.08,11.56,31.28,-4.76,
30,50,40,-9.86,18.02,-4.08,-8.84,18.36,-4.08,-9.18,18.36,-4.08,
30,50,50,-21.08,8.16,-3.06,-21.42,8.16,-3.06,-22.1,7.82,-3.74,
30,50,60,-35.36,-3.06,-5.1,-34.68,-3.06,-4.76,-34.68,-3.4,-5.1,
30,50,70,-50.32,-16.32,-4.42,-50.66,-15.9800005,-4.42,-50.66,-15.9800005,-4.42,
30,50,80,-62.9,-27.2,-0.68,-62.56,-27.2,-0.68,-62.56,-27.2,-1.02,
30,60,20,13.26,35.7,-17.68,13.6,35.36,-19.380001,13.6,36.04,-18.36,
30,60,30,-0.34,23.12,-19.04,2.04,23.12,-19.04,3.06,-44.88,-18.36,
30,60,40,-12.24,15.64,-17.68,-11.56,15.9800005,-16.32,-11.900001,14.62,-18.7,
30,60,50,-27.2,1.36,-14.28,-26.86,1.36,-14.28,-26.86,1.36,-13.940001,
30,60,60,-40.8,-10.2,-13.6,-40.8,-9.86,-13.940001,-40.8,-10.2,-14.28,
30,60,70,-53.72,-19.04,-12.24,-53.38,-19.04,-10.2,-53.38,-19.380001,-11.900001,
30,60,80,-68.68,-32.3,-5.44,-69.020004,-32.3,-5.44,-69.020004,-31.960001,-14.62,
30,70,20,6.46,89.42,-37.4,7.14,29.58,-37.06,7.48,29.58,-36.72,
30,70,30,0.34,22.1,-26.52,-1.7,20.06,-30.26,-1.02,20.4,-29.92,
30,70,40,-18.36,6.12,-24.82,-19.72,6.8,-25.5,-19.04,6.12,-25.5,
30,70,50,-32.3,-8.16,-30.26,-32.98,-6.46,-29.58,-32.64,-6.46,-28.9,
30,70,60,-43.52,-13.26,-22.78,-42.84,-13.940001,-22.1,-43.18,-13.6,-22.44,
30,70,70,-57.46,-23.460001,-23.12,-54.06,-49.64,-24.14,-57.12,-23.12,-104.72,
30,70,80,-73.1,-37.06,-106.42,-72.76,-37.06,-106.42,-73.1,-36.72,-106.42,
30,80,20,1.36,19.72,-55.760002,1.7,20.74,-54.4,0.68,117.64,-55.420002,
30,80,30,-166.26,-11.22,9.86,-136.0,-11.900001,10.54,-170.0,-11.22,9.52,
30,80,40,-22.78,-1.7,-45.56,-23.800001,-72.08,-47.260002,-23.460001,-2.38,-47.260002,
30,80,50,-37.4,-11.56,-42.16,-37.06,-11.56,-41.14,-36.04,-11.900001,-41.82,
30,80,60,-48.62,-22.78,-37.74,-49.3,-22.78,-38.08,-48.96,-22.78,-38.08,
30,80,70,-61.88,-32.3,-34.34,-61.88,-32.64,-34.0,-61.88,-32.3,-32.98,
30,80,80,-69.7,-40.12,-30.26,-69.7,-40.12,-31.62,-69.7,-39.78,-30.26,
40,20,20,64.26,74.46,55.760002,63.920002,74.12,55.08,63.24,73.78,54.74,
40,20,30,47.260002,58.14,49.3,47.260002,59.16,49.98,47.600002,58.82,49.98,
40,20,40,33.66,43.52,43.86,33.66,43.52,43.86,33.32,43.52,43.52,
40,20,50,15.3,26.18,39.44,15.9800005,24.82,38.420002,15.3,26.18,39.44,
40,20,60,0.68,10.54,35.7,1.02,10.54,35.36,0.68,10.54,35.7,
40,20,70,-14.28,-3.4,33.66,-14.28,-3.4,3.06,-13.940001,-3.74,32.98,
40,20,80,-30.94,-17.34,-38.08,-63.920002,-17.68,-3.4,-31.28,-17.0,-38.420002,
40,30,20,48.28,62.9,35.36,52.02,64.94,37.06,52.02,65.28,38.08,
40,30,30,39.44,47.600002,30.6,38.420002,47.600002,29.92,38.08,48.62,31.28,
40,30,40,19.04,33.66,98.26,19.04,34.0,26.86,19.04,34.68,98.6,
40,30,50,4.08,21.76,26.52,4.76,22.1,61.54,3.74,22.1,26.52,
40,30,60,-15.3,3.06,20.4,-15.64,2.04,19.380001,-15.64,2.72,20.06,
40,30,70,-23.800001,-8.84,18.7,-23.12,-8.5,19.380001,-23.460001,-8.84,18.7,
40,30,80,-44.2,-21.76,15.3,-44.2,-21.76,15.3,-44.2,-21.42,15.64,
40,40,20,168.3,47.94,13.26,167.28,49.64,14.96,35.7,48.28,12.24,
40,40,30,25.84,37.06,13.6,27.2,38.420002,15.9800005,26.52,38.420002,15.3,
40,40,40,9.86,22.1,10.2,11.22,24.14,-28.220001,10.2,22.44,10.88,
40,40,50,-4.76,7.82,11.22,-6.8,8.84,10.88,-7.14,8.5,10.88,
40,40,60,-17.68,-3.4,10.54,-17.0,-2.72,9.86,-17.0,-3.74,10.54,
40,40,70,-27.54,43.86,8.5,-29.24,-15.9800005,8.84,-28.56,-15.9800005,9.18,
40,40,80,-43.86,-23.12,6.8,-43.52,-22.44,7.14,-44.2,-22.44,6.8,
40,50,20,30.94,40.12,-4.42,31.62,39.44,-4.42,29.92,40.8,-4.08,
40,50,30,16.66,28.9,-3.74,17.34,28.56,-3.74,17.0,28.220001,-4.42,
40,50,40,-1.02,14.28,-4.08,0.0,13.26,-4.08,0.0,13.26,-4.42,
40,50,50,-13.26,2.38,-4.08,-14.28,3.06,-3.74,-12.92,2.04,-3.74,
40,50,60,-26.18,-8.84,-4.76,-25.84,-9.18,-4.76,-25.84,-9.52,-4.76,
40,50,70,-38.08,-22.44,-1.02,-37.74,-22.44,-0.68,-37.74,-22.44,-0.68,
40,50,80,-52.02,-35.36,-0.68,-52.02,-35.36,-0.68,-52.02,-35.36,-0.68,
40,60,20,20.06,32.3,-20.74,18.7,33.66,-20.06,19.72,34.0,-18.7,
40,60,30,7.14,18.36,-19.72,7.14,18.7,-19.72,7.82,15.64,-19.04,
40,60,40,-3.4,10.54,-18.36,-2.72,10.54,-17.34,-2.72,11.22,-15.9800005,
40,60,50,-19.380001,-5.1,-15.3,-19.04,-4.76,-15.64,-18.7,-4.42,-14.96,
40,60,60,-29.92,-16.66,-13.6,-30.6,-16.66,-13.940001,-30.26,-17.0,-14.28,
40,60,70,-43.52,-26.86,-12.24,-43.86,169.66,-11.22,17.68,169.66,-11.56,
40,60,80,-145.86,-42.16,-105.74,-145.86,-41.82,-105.74,-146.2,-42.16,-105.74,
40,70,20,12.24,24.48,-40.8,13.26,24.48,-39.100002,12.92,24.14,-39.78,
40,70,30,5.44,16.66,-29.92,7.14,16.66,-28.56,6.46,15.3,-30.26,
40,70,40,-7.48,4.76,-25.5,-7.48,5.1,-25.5,-7.82,4.08,-26.86,
40,70,50,-26.18,-11.22,-29.92,-25.16,-11.56,-30.26,-25.84,-11.56,-29.92,
40,70,60,-34.34,-20.74,-21.76,-34.68,-20.74,-21.08,-34.34,-20.4,-21.42,
40,70,70,-44.54,-30.6,-19.04,-45.9,-31.28,-18.36,-45.9,-31.28,-19.04,
40,70,80,-62.9,-44.88,-42.5,-62.9,-44.54,-23.460001,-146.88,-44.88,-107.44,
40,80,20,135.66,139.06,-58.48,10.54,19.72,-59.84,11.900001,18.7,-59.5,
40,80,30,-3.74,4.08,-52.7,-5.44,5.44,-52.36,-170.0,340.0,39.44,
40,80,40,-17.68,-6.8,-47.600002,-16.66,-7.48,-47.94,-17.34,-7.14,-47.94,
40,80,50,-29.58,-18.36,-41.82,-30.26,-18.02,-42.5,-29.92,-18.02,-42.16,
40,80,60,-42.5,-30.6,-38.08,-42.5,-30.94,-38.08,-42.5,-30.94,-38.08,
40,80,70,-53.72,-39.78,-34.68,-53.72,-39.78,-34.34,-54.06,-39.78,-34.34,
40,80,80,-61.54,-47.600002,-32.3,-61.88,-47.260002,-32.3,-61.88,-47.260002,-31.960001,
50,20,20,70.04,70.04,54.74,70.04,69.7,54.4,70.38,70.04,54.74,
50,20,30,53.04,53.72,50.66,53.04,53.38,50.32,52.7,53.72,51.34,
50,20,40,39.78,37.06,44.88,39.44,37.06,44.54,40.12,37.4,45.56,
50,20,50,22.1,18.7,38.08,22.1,19.04,39.100002,21.42,18.7,38.760002,
50,20,60,8.5,3.06,34.34,9.52,2.38,35.02,9.18,3.06,35.02,
50,20,70,-8.5,-10.2,32.64,-7.82,-10.88,32.64,-8.16,-10.88,32.64,
50,20,80,-23.800001,-26.18,28.56,-23.800001,-26.52,28.56,-23.800001,-26.18,28.56,
50,30,20,59.5,61.88,40.46,57.8,59.5,36.38,58.14,59.84,37.06,
50,30,30,50.66,51.68,33.66,51.0,52.36,35.02,50.66,51.34,32.64,
50,30,40,36.38,39.44,99.62,37.74,39.78,66.64,37.74,39.44,65.28,
50,30,50,12.24,14.62,27.2,12.24,16.32,28.220001,11.900001,15.3,27.2,
50,30,60,-16.32,-12.24,9.52,-11.56,-7.82,17.0,-10.88,-8.84,17.0,
50,30,70,-19.72,-16.32,16.32,-18.7,-19.380001,13.6,-18.02,-20.06,13.26,
50,30,80,-36.38,-27.2,15.64,-36.04,-27.2,15.9800005,-36.04,-27.2,15.9800005,
50,40,20,45.22,46.920002,17.34,45.9,45.9,17.34,45.9,46.58,17.34,
50,40,30,32.98,32.64,14.96,32.3,34.0,15.9800005,32.3,33.32,15.3,
50,40,40,17.0,19.04,12.92,15.3,20.06,12.24,16.32,19.72,12.58,
50,40,50,4.76,8.16,12.92,3.74,7.48,11.900001,4.42,7.82,12.92,
50,40,60,-11.900001,-9.52,9.52,-11.56,-9.52,10.88,-11.56,-9.18,10.54,
50,40,70,-21.42,-22.1,10.2,-21.08,-22.44,10.2,-20.74,-22.44,9.86,
50,40,80,-37.06,-37.74,8.5,-37.06,-37.74,8.5,-37.06,-37.74,8.16,
50,50,20,35.7,34.68,-5.44,35.02,35.7,-5.78,36.38,35.02,-4.76,
50,50,30,22.78,22.78,-4.42,22.78,23.460001,-3.4,22.1,23.800001,-4.42,
50,50,40,5.44,8.16,-4.76,5.78,8.16,-4.42,6.12,8.16,-4.42,
50,50,50,-3.4,-4.08,-3.06,-3.74,-4.08,-3.74,-4.08,-3.74,-3.4,
50,50,60,-17.34,-17.0,-4.08,-17.34,-17.0,-4.08,-17.0,-16.32,-3.74,
50,50,70,-28.56,-31.28,-0.34,-28.9,-30.6,-0.34,-28.56,-30.94,-0.34,
50,50,80,-42.16,-44.88,1.02,-42.16,-44.88,0.34,-42.16,-44.88,0.34,
50,60,20,26.86,27.54,-19.72,25.16,29.92,-19.04,25.5,29.24,-19.04,
50,60,30,9.18,12.24,-20.4,10.88,12.92,-18.02,9.52,13.26,-18.7,
50,60,40,0.68,0.34,-17.34,-1.02,1.7,-17.68,0.0,2.04,-15.3,
50,60,50,-12.24,-11.22,-16.32,-12.58,-11.22,-16.32,-12.92,-10.88,-15.9800005,
50,60,60,-24.82,-24.14,-14.28,-25.5,-24.82,-15.3,-25.5,-24.82,-15.3,
50,60,70,-42.16,-37.74,-17.0,-42.5,-38.420002,-16.32,-42.5,-38.420002,-16.66,
50,60,80,-53.04,-50.66,-10.54,-137.36,-50.32,-106.76,-52.7,-50.32,-106.42,
50,70,20,18.36,20.74,-39.100002,19.380001,18.7,-40.46,18.36,19.380001,-39.78,
50,70,30,5.44,6.12,-38.420002,7.48,7.48,-33.66,6.8,7.82,-34.34,
50,70,40,-8.5,-7.48,-32.98,-7.82,-7.82,-33.32,-7.82,-7.82,-33.32,
50,70,50,-17.68,-18.7,-30.6,-17.68,-17.34,-28.9,-18.7,-18.36,-31.62,
50,70,60,-31.28,-30.26,-27.880001,-31.62,-29.58,-27.54,-31.62,-30.26,-28.220001,
50,70,70,-42.84,-42.84,-106.76,-42.5,-43.52,-40.12,-42.5,-43.52,-25.84,
50,70,80,-54.06,-53.38,-106.08,-54.06,-53.38,-105.4,-54.06,-53.38,-105.4,
50,80,20,11.56,10.2,-58.82,10.54,11.56,-58.48,12.58,10.2,-57.12,
50,80,30,1.7,0.0,-53.04,1.7,-0.34,-53.04,1.02,0.34,-53.04,
50,80,40,-45.56,-12.92,-48.28,-10.88,-11.900001,-47.600002,-10.2,-12.24,-47.600002,
50,80,50,-23.800001,-23.800001,-42.16,-22.44,-24.82,-42.16,-23.460001,-24.14,-42.16,
50,80,60,-35.7,-35.7,-37.74,-36.04,-8.84,-38.08,-36.04,-36.04,-37.74,
50,80,70,-46.58,-47.600002,-34.68,-46.24,-47.600002,-34.34,-46.58,-47.600002,-34.34,
50,80,80,-53.72,-55.420002,30.6,-53.72,-55.420002,-31.28,-54.06,-55.420002,30.6,
60,20,20,76.16,69.7,57.8,76.16,70.04,58.48,76.16,70.04,58.82,
60,20,30,56.78,46.24,49.64,57.12,46.58,49.3,57.12,46.58,49.3,
60,20,40,44.88,29.24,43.86,45.22,29.92,44.2,45.22,29.24,44.2,
60,20,50,26.52,13.6,39.100002,27.2,12.24,38.420002,27.54,12.92,39.100002,
60,20,60,15.64,-7.14,32.64,15.3,-7.14,32.64,14.96,-5.1,34.0,
60,20,70,0.0,-19.72,32.3,-1.02,-18.02,31.62,0.0,-18.7,32.64,
60,20,80,-16.32,-34.0,111.520004,-15.9800005,-34.0,111.520004,-17.0,-34.0,-31.62,
60,30,20,61.88,55.420002,37.4,64.26,56.440002,40.46,63.58,56.100002,39.78,
60,30,30,49.64,38.420002,32.3,49.64,39.44,32.3,48.96,40.12,32.98,
60,30,40,31.960001,19.72,29.24,31.28,18.02,59.5,31.28,20.4,28.9,
60,30,50,17.68,10.88,31.28,20.06,10.2,31.62,21.08,7.48,29.58,
60,30,60,0.0,-10.54,18.7,37.74,-9.86,15.9800005,-0.34,-10.2,19.04,
60,30,70,-8.84,-22.78,18.7,-8.84,-22.44,18.7,-8.5,-22.44,19.04,
60,30,80,-25.5,-36.04,14.96,-26.18,-35.7,14.62,-26.18,-36.04,15.64,
60,40,20,10.88,40.12,14.96,47.600002,39.100002,12.92,13.26,39.100002,14.28,
60,40,30,40.12,28.56,17.68,38.08,27.54,14.62,39.44,27.880001,16.66,
60,40,40,25.5,12.92,14.62,25.16,11.900001,13.940001,25.16,12.24,13.940001,
60,40,50,7.48,-4.76,11.900001,7.82,-5.1,11.900001,7.48,-4.76,11.56,
60,40,60,-1.02,-18.02,11.22,-1.36,-18.36,10.88,-1.7,-18.7,10.2,
60,40,70,-11.900001,-31.62,10.54,-12.24,-31.62,9.18,-12.58,-31.62,8.84,
60,40,80,-24.82,-38.08,7.82,-24.82,-38.08,7.14,-24.48,-38.420002,7.48,
60,50,20,41.14,29.92,-4.42,41.14,30.26,-4.42,41.82,29.92,-4.08,
60,50,30,27.880001,17.34,-3.74,28.9,16.66,-3.74,27.880001,18.02,-3.4,
60,50,40,11.900001,1.36,-4.76,12.24,0.68,-4.76,11.900001,1.7,-4.42,
60,50,50,3.06,-11.22,-3.74,3.06,-11.22,-3.74,3.06,-10.88,-3.74,
60,50,60,-9.52,-25.16,-4.08,-9.18,-25.5,-4.08,-8.84,-25.84,-4.08,
60,50,70,-20.4,-39.44,-0.68,-20.4,-39.44,-0.68,-20.4,-39.44,-0.34,
60,50,80,-32.64,-54.4,1.02,-32.98,-54.06,1.36,-32.98,-54.4,0.68,
60,60,20,31.28,24.48,-19.380001,31.28,24.48,-19.380001,31.28,24.48,-19.04,
60,60,30,19.380001,9.86,-18.02,19.380001,8.16,-20.4,18.7,8.16,-20.74,
60,60,40,11.22,-2.38,-17.34,12.58,-2.04,-15.64,11.56,-2.38,-17.34,
60,60,50,-3.74,-19.380001,-14.62,-4.76,-18.02,-15.3,-4.42,-18.02,-14.28,
60,60,60,-15.64,-30.6,-13.6,-15.64,-30.94,-14.28,-14.96,-31.62,-14.28,
60,60,70,-27.2,-43.52,-12.92,-26.86,-43.86,-13.26,-26.52,-43.86,-12.24,
60,60,80,-126.82,-59.16,-104.72,-44.2,-60.52,-21.42,-126.82,-60.86,-10.2,
60,70,20,24.82,15.3,-40.12,24.48,15.3,-40.8,24.48,15.64,-40.12,
60,70,30,18.7,4.76,-29.24,18.7,4.76,-28.220001,18.02,4.42,-29.58,
60,70,40,5.1,-8.84,-26.86,5.78,-9.86,-27.2,5.44,-9.52,-26.52,
60,70,50,-10.88,-24.14,-29.24,-11.22,-24.14,-29.58,-11.22,-24.14,-29.92,
60,70,60,-19.380001,-36.38,-22.44,-19.380001,-36.38,-21.76,-19.72,-36.04,-22.78,
60,70,70,-28.56,-47.600002,-18.7,-28.56,-47.94,-19.380001,-28.56,-47.600002,-19.380001,
60,70,80,-44.2,-62.9,-22.78,-44.2,-62.22,-22.44,-44.54,-62.9,-104.04,
60,80,20,16.32,7.48,-54.74,17.0,5.78,-55.420002,15.64,6.46,-56.100002,
60,80,30,7.82,-5.44,-50.66,7.48,-5.44,-51.34,7.82,-5.44,-50.66,
60,80,40,-5.44,-88.74,-46.920002,-4.76,-17.68,-46.920002,-5.1,-17.0,-46.920002,
60,80,50,-15.64,-30.94,-41.82,-15.64,-30.6,-41.82,-15.3,-30.94,-42.16,
60,80,60,-27.2,-43.52,-36.72,-26.52,-14.62,-7.48,-27.2,-43.52,-37.06,
60,80,70,-38.420002,-54.74,28.9,-38.420002,-54.4,28.9,-38.760002,-54.4,28.56,
60,80,80,-18.36,-63.920002,-56.78,17.0,-63.920002,31.28,-20.4,-64.6,-56.440002,
70,20,20,77.520004,60.86,55.420002,77.18,58.82,54.74,77.520004,60.52,55.760002,
70,20,30,59.84,38.420002,47.260002,76.16,38.08,47.600002,59.84,38.760002,47.600002,
70,20,40,47.600002,20.4,39.78,47.260002,21.42,40.46,47.260002,21.42,40.46,
70,20,50,30.94,5.1,36.72,30.94,5.1,36.72,31.28,4.76,36.72,
70,20,60,19.72,-13.6,32.3,20.74,-13.6,32.98,20.74,-13.6,32.64,
70,20,70,5.1,-27.54,31.28,4.42,-27.2,31.28,4.76,-26.86,31.28,
70,20,80,-10.2,-40.12,26.86,-10.2,-39.78,27.2,-10.2,-39.78,27.2,
70,30,20,65.96,48.96,35.7,65.62,48.96,35.7,66.3,48.96,36.38,
70,30,30,53.04,32.3,32.64,53.04,31.62,31.960001,53.38,32.64,32.64,
70,30,40,35.7,12.92,26.18,35.7,12.92,60.52,36.38,13.6,27.54,
70,30,50,26.18,-3.06,27.2,26.86,-2.04,-24.14,26.86,-1.7,61.2,
70,30,60,8.16,-17.0,21.08,6.8,-18.02,19.72,7.82,-17.34,20.74,
70,30,70,-0.34,-31.960001,17.34,0.0,-31.960001,19.04,0.0,-31.62,18.7,
70,30,80,-19.04,-44.88,15.3,-19.04,-44.88,15.64,-19.380001,-44.54,15.3,
70,40,20,53.38,34.34,14.62,52.36,32.98,11.900001,52.7,33.32,12.24,
70,40,30,43.52,20.06,15.64,43.52,19.72,14.96,42.84,20.4,14.62,
70,40,40,30.6,5.1,13.940001,30.6,4.76,13.940001,30.6,5.78,13.940001,
70,40,50,14.28,-11.900001,12.58,14.96,-13.6,10.88,14.62,-12.58,11.900001,
70,40,60,5.78,-28.220001,10.54,6.46,-27.880001,10.54,6.46,-27.54,11.56,
70,40,70,-3.74,-39.78,10.88,-3.74,-40.8,9.86,-3.74,-40.46,10.2,
70,40,80,-18.7,-46.920002,7.82,-19.04,-46.24,8.16,-19.04,-46.920002,8.16,
70,50,20,44.88,23.460001,-4.08,45.22,23.12,-4.42,44.54,22.78,-4.42,
70,50,30,32.98,12.24,-2.72,32.64,11.56,-2.72,32.64,11.900001,-3.4,
70,50,40,19.380001,-5.1,-4.42,19.380001,-3.4,-3.4,19.380001,-4.42,-3.74,
70,50,50,9.18,-17.34,-3.06,9.18,-17.0,-3.4,9.18,-17.34,-3.4,
70,50,60,-3.06,-32.3,-3.4,-3.06,-32.3,-3.74,-3.4,-32.3,-3.74,
70,50,70,-13.940001,-49.3,0.0,-13.6,-49.3,-0.34,-13.6,-49.3,-0.34,
70,50,80,-24.48,-64.6,0.0,-25.16,-65.28,0.0,-24.82,-65.28,0.0,
70,60,20,36.72,18.02,-18.7,35.7,19.72,-18.36,36.72,19.380001,-17.0,
70,60,30,25.16,3.4,-17.0,164.90001,1.7,-18.36,25.16,3.06,-16.66,
70,60,40,16.32,-8.84,-15.9800005,15.9800005,-9.18,-16.66,15.64,-8.84,-16.66,
70,60,50,2.38,-25.5,-13.6,2.04,-25.5,-13.6,2.04,-25.5,-13.940001,
70,60,60,-9.52,-39.44,-15.64,-8.5,-12.92,-13.940001,-9.18,-39.100002,-14.96,
70,60,70,-20.06,-53.72,-10.88,-19.72,-53.72,-10.54,-20.74,-54.4,-12.24,
70,60,80,-35.02,-66.3,-15.64,-32.98,-65.28,-13.6,-33.66,-64.6,-10.54,
70,70,20,28.9,11.56,-37.4,28.9,11.900001,-37.74,28.56,11.900001,-38.08,
70,70,30,22.44,-2.04,-26.18,-39.100002,-5.78,-27.880001,22.44,-2.38,-27.2,
70,70,40,9.86,-15.64,-27.2,10.54,-15.64,-26.52,11.56,-16.32,-24.48,
70,70,50,-6.12,-29.24,-27.880001,-5.1,-31.28,-28.56,-5.44,-30.6,-28.9,
70,70,60,-11.56,-46.24,-21.76,-12.58,-45.56,-22.1,-11.900001,-46.24,-22.44,
70,70,70,-21.76,-56.440002,-19.380001,-21.08,-56.78,-18.02,-20.74,-56.440002,-18.36,
70,70,80,-37.06,-71.74,-21.76,-37.4,-71.4,-11.56,-37.06,-71.4,-21.76,
70,80,20,22.1,-0.68,-51.68,22.1,1.7,-50.66,22.78,0.68,-50.32,
70,80,30,11.56,-11.22,-49.3,12.58,-10.88,-47.94,11.900001,-11.22,-48.28,
70,80,40,2.72,-25.16,-44.2,1.36,-24.48,-44.54,1.7,-24.48,-43.18,
70,80,50,-8.5,-38.760002,-39.78,-10.2,-38.760002,-39.78,-9.86,-38.420002,-39.44,
70,80,60,-18.7,-52.02,-36.04,-19.72,-51.68,-36.38,-19.380001,-51.68,-35.7,
70,80,70,-30.94,-62.56,31.960001,-30.6,-62.56,-20.74,-30.6,-61.88,31.960001,
70,80,80,-38.420002,-71.4,-29.24,-38.760002,-71.4,-21.08,-38.760002,-71.4,-21.08,
80,20,20,76.5,49.3,50.66,76.5,49.98,50.32,76.840004,49.64,51.0,
80,20,30,64.26,34.68,49.3,61.2,31.62,44.54,61.54,29.24,43.52,
80,20,40,49.64,12.92,39.78,50.32,14.28,39.100002,50.32,13.940001,38.760002,
80,20,50,34.68,-4.76,34.68,35.02,-4.08,35.02,35.36,-4.08,36.04,
80,20,60,24.48,-19.72,32.98,24.82,-20.06,-0.68,24.48,-20.06,32.98,
80,20,70,10.2,-37.06,31.960001,10.2,-37.06,31.960001,10.2,-36.72,30.6,
80,20,80,-170.0,-4.08,-41.48,-68.0,-2.04,-39.44,-170.0,-2.38,-38.760002,
80,30,20,68.340004,41.14,35.02,68.68,42.84,36.38,67.32,40.46,33.66,
80,30,30,52.02,26.52,32.3,53.38,25.5,33.32,52.36,24.48,31.62,
80,30,40,42.16,9.86,30.94,40.8,10.2,63.58,41.48,10.88,31.28,
80,30,50,26.52,-12.24,20.06,28.9,-9.18,58.14,29.92,-8.5,25.5,
80,30,60,-40.46,-26.86,19.380001,13.6,-26.52,18.7,-40.46,-25.84,19.04,
80,30,70,-1.02,-38.08,18.36,-0.68,-37.4,19.380001,3.4,-41.14,17.68,
80,30,80,-13.940001,-53.38,15.3,-12.92,-53.04,15.64,-12.24,-49.64,17.0,
80,40,20,57.8,27.2,17.68,57.46,26.86,17.0,57.46,26.18,16.66,
80,40,30,45.22,13.6,14.62,44.88,15.3,14.28,45.22,15.64,14.28,
80,40,40,32.3,0.34,11.56,32.64,1.02,12.58,33.32,0.34,12.58,
80,40,50,23.12,-16.66,10.54,22.78,-16.32,10.88,23.460001,-15.9800005,10.54,
80,40,60,9.18,-33.66,1.7,37.06,3.4,13.6,87.38,-90.1,18.7,
80,40,70,-3.06,-46.24,9.18,-3.4,-47.260002,7.82,-3.4,-47.260002,8.84,
80,40,80,-14.62,-66.64,8.16,-14.62,-66.64,8.16,-14.28,-66.3,8.5,
80,50,20,47.94,16.66,-3.4,47.94,16.32,-3.4,46.920002,15.3,-4.76,
80,50,30,36.38,3.4,-4.08,36.38,3.06,-4.42,37.4,4.42,-2.38,
80,50,40,24.82,-12.92,-3.74,23.800001,-11.900001,-3.74,23.800001,-11.900001,-4.08,
80,50,50,14.96,-24.82,-2.04,13.940001,-25.16,-4.08,13.6,-25.16,-4.42,
80,50,60,2.72,-41.82,-3.4,2.72,-41.48,-3.74,2.38,-41.48,-3.74,
80,50,70,-7.48,-58.48,-1.36,-7.48,-58.14,-0.68,-7.48,-58.14,-0.68,
80,50,80,-18.36,-75.82,-0.34,-18.7,-75.48,-0.68,-18.7,-75.82,-0.68,
80,60,20,8.16,13.26,-18.36,9.86,13.940001,-12.58,9.86,-19.72,-12.92,
80,60,30,26.86,-7.14,-15.64,25.5,-6.46,-18.02,26.52,-6.46,-17.34,
80,60,40,17.68,-18.36,-11.56,17.34,-17.68,-12.58,15.64,-17.68,-14.62,
80,60,50,7.48,-33.32,-13.26,7.82,-32.64,-11.22,8.16,-32.64,-10.88,
80,60,60,-5.1,-48.62,-13.26,-5.1,-48.28,-12.58,-4.42,-48.28,-11.22,
80,60,70,-17.0,-63.24,-10.88,-17.0,-63.58,-10.2,-17.0,-63.24,-10.2,
80,60,80,-26.52,-73.78,-11.22,-26.52,-73.1,-9.52,-26.52,-73.1,-9.18,
80,70,20,32.64,4.76,-35.7,34.0,6.12,-31.960001,32.3,4.76,-36.72,
80,70,30,9.52,-25.84,-31.62,10.2,-25.16,-27.880001,8.84,-27.2,-31.960001,
80,70,40,9.52,-25.84,-31.62,10.2,-25.16,-27.880001,8.84,-27.2,-31.960001,
80,70,50,1.02,-37.06,-25.84,1.02,-37.4,-26.52,159.46,-37.4,-27.54,
80,70,60,-10.2,-52.7,-25.16,-10.88,-52.7,-25.16,-10.54,-52.7,-11.900001,
80,70,70,-20.4,-67.32,-102.340004,-20.74,-66.64,-9.86,-20.4,-66.98,67.66,
80,70,80,-29.58,-80.58,-104.380005,-29.58,-80.58,-20.4,-29.58,-80.58,-103.700005,
80,80,20,26.86,-2.04,-45.22,27.2,-3.74,-45.9,-3.4,-4.08,-46.24,
80,80,30,16.32,-15.64,-44.2,16.32,-15.64,-44.2,16.32,-15.64,-44.54,
80,80,40,6.46,-30.26,-41.14,6.46,-29.58,-41.82,6.12,-29.92,-41.48,
80,80,50,-5.78,-43.52,-38.760002,-5.78,-44.54,-38.08,-5.78,-43.86,-38.08,
80,80,60,-14.96,-56.440002,-34.34,-14.62,-57.12,-34.34,-13.940001,-57.12,18.36,
80,80,70,-24.48,-68.340004,-32.64,-24.82,-69.020004,-31.960001,-25.16,-69.020004,-31.960001,
80,80,80,-31.62,-78.54,-30.26,-31.960001,-78.88,-29.92,-31.62,-78.200005,-29.92,
