1.118034,1.118034,1.118034,1.118034,0.70710677,0.70710677,0.70710677,1.0,1.118034,1.118034,1.5811388,1.118034,1.0,0.5,1.118034,1.118034,0.70710677,1.118034,0.70710677,0.70710677,0.0,0.5,1.0,1.0,1.0,1.0,0.5,0.70710677,0.70710677,1.118034,0.70710677,0.5,0.5,1.118034,1.118034,0.5,0.70710677,0.5,0.5,0.70710677,0.70710677,0.70710677,0.5,0.5,0.5,0.5,0.5,0.5,0.70710677,0.5,0.0,0.70710677,0.5,0.70710677,0.5,0.5,0.5,0.0,0.5,1.118034,0.5,1.4142135,2.828427,1.4142135,2.1213202,2.828427,3.535534,4.9497476,4.2426405,4.9497476,3.2015622,3.535534,2.828427,4.2426405,3.535534,5.315073,3.535534,6.0207973,5.315073,2.5,
1.118034,1.118034,1.118034,1.118034,1.118034,1.118034,0.70710677,0.5,0.70710677,1.118034,1.118034,1.5811388,1.118034,1.118034,1.118034,0.5,0.5,0.70710677,0.5,0.5,0.5,0.5,0.5,0.5,0.5,0.5,0.5,0.5,0.5,1.118034,0.5,0.5,0.5,0.70710677,1.0,1.118034,1.118034,0.5,0.5,0.70710677,0.5,1.118034,1.118034,0.5,1.0,0.5,0.5,0.5,1.118034,0.70710677,0.5,0.70710677,1.0,0.5,0.5,0.5,0.5,0.5,0.5,0.5,0.5,0.70710677,1.4142135,0.70710677,1.4142135,3.905125,2.1213202,2.828427,3.535534,3.2015622,2.828427,3.2015622,3.535534,3.535534,4.609772,4.609772,4.9497476,2.828427,4.609772,2.828427,
0.5,0.70710677,0.70710677,1.118034,1.118034,1.4142135,0.5,0.0,0.70710677,0.70710677,1.118034,1.118034,1.0,0.5,1.118034,1.118034,1.118034,1.118034,0.5,0.0,0.5,0.70710677,0.70710677,0.70710677,0.5,0.5,1.118034,1.118034,1.118034,1.118034,0.70710677,0.70710677,1.118034,0.0,0.5,1.118034,1.0,0.5,0.5,0.5,1.118034,0.5,0.70710677,0.5,0.70710677,0.5,1.118034,1.0,0.70710677,0.5,0.5,0.5,0.5,0.5,0.5,0.5,0.5,0.5,1.0,0.5,0.5,1.118034,0.70710677,0.70710677,1.4142135,2.5,2.1213202,2.1213202,2.5,2.5,3.905125,1.4142135,1.4142135,3.535534,4.609772,4.609772,3.2015622,3.2015622,3.2015622,3.905125,
0.70710677,0.5,0.70710677,0.70710677,0.70710677,1.4142135,0.5,0.5,0.5,0.70710677,0.70710677,0.70710677,1.118034,1.118034,1.118034,1.118034,0.70710677,1.118034,0.5,0.5,1.118034,1.118034,0.70710677,0.70710677,0.0,0.0,0.5,0.5,0.5,0.5,0.5,0.5,0.5,0.5,0.70710677,0.70710677,0.0,1.0,0.5,0.5,0.70710677,1.118034,0.5,0.5,0.5,0.70710677,1.0,1.118034,0.70710677,0.5,0.5,0.5,0.5,0.5,0.5,0.70710677,0.5,0.5,1.0,1.0,0.5,1.118034,0.70710677,0.70710677,1.8027756,2.5,1.8027756,1.8027756,1.8027756,3.2015622,1.4142135,1.4142135,1.4142135,2.828427,2.828427,3.2015622,3.2015622,3.2015622,2.1213202,3.905125,
1.0,1.118034,1.118034,1.118034,1.118034,1.4142135,1.0,0.5,0.70710677,0.70710677,1.118034,0.70710677,0.5,0.5,0.5,1.118034,1.118034,1.118034,0.5,0.5,1.118034,1.118034,0.70710677,0.70710677,0.0,0.70710677,0.70710677,0.70710677,0.70710677,0.5,0.5,0.5,0.5,0.5,0.5,0.70710677,0.5,0.70710677,0.70710677,0.5,0.5,1.118034,0.5,0.5,0.70710677,0.5,0.70710677,0.70710677,0.5,0.5,0.5,1.0,1.0,0.5,0.5,0.0,0.5,1.0,1.0,0.70710677,0.5,1.118034,0.70710677,1.118034,1.118034,0.70710677,1.8027756,2.5,2.5,1.4142135,1.4142135,1.4142135,3.2015622,1.8027756,2.5,2.5,2.5,3.2015622,2.1213202,3.905125,
1.118034,1.118034,1.118034,0.70710677,0.70710677,0.70710677,0.70710677,1.118034,1.118034,1.118034,0.70710677,0.70710677,0.70710677,0.70710677,0.70710677,0.5,1.118034,1.118034,0.5,0.5,1.118034,0.70710677,0.70710677,0.70710677,0.5,0.5,0.5,0.70710677,0.70710677,1.0,1.0,0.5,0.5,0.5,0.5,0.5,0.5,0.5,0.5,0.70710677,0.70710677,0.5,0.5,0.70710677,0.5,0.5,0.5,0.70710677,0.5,0.5,0.5,0.5,0.5,0.5,0.5,0.5,0.5,1.0,0.5,0.5,0.5,0.0,0.5,1.118034,1.118034,1.118034,1.8027756,1.118034,0.70710677,1.4142135,1.4142135,1.8027756,1.8027756,2.5,2.5,3.2015622,0.70710677,2.5,3.2015622,2.1213202,
0.70710677,0.5,1.118034,1.118034,1.118034,1.118034,1.118034,1.118034,1.118034,0.70710677,0.70710677,0.70710677,0.5,0.0,0.70710677,0.70710677,0.70710677,0.5,0.5,1.118034,1.118034,0.5,1.118034,0.5,0.5,0.70710677,0.70710677,0.70710677,0.70710677,0.70710677,0.70710677,0.5,0.5,0.5,0.70710677,0.5,0.5,0.5,0.5,0.70710677,0.70710677,0.70710677,0.5,0.5,0.70710677,0.5,0.70710677,0.5,0.5,0.5,0.5,0.5,0.5,0.5,0.5,0.5,0.70710677,1.0,0.5,0.5,0.5,0.0,1.5811388,1.118034,1.118034,1.118034,1.118034,1.4142135,0.70710677,0.70710677,2.9154758,2.236068,2.9154758,2.5,2.5,1.8027756,2.5,1.4142135,2.5,0.70710677,
0.70710677,0.70710677,1.118034,0.70710677,1.118034,1.118034,1.118034,1.118034,0.70710677,0.70710677,0.70710677,1.118034,1.118034,0.70710677,0.5,0.70710677,0.70710677,0.5,0.0,0.70710677,0.5,1.118034,1.118034,0.5,1.0,0.5,0.70710677,0.70710677,0.70710677,0.5,0.70710677,0.70710677,0.70710677,1.0,1.0,0.70710677,0.70710677,1.118034,0.70710677,0.70710677,0.70710677,0.5,0.0,0.70710677,0.5,0.70710677,0.70710677,0.5,0.5,0.5,0.5,0.5,0.5,0.5,1.0,0.70710677,0.5,0.5,1.0,1.118034,0.5,1.118034,1.5811388,1.118034,1.118034,1.8027756,0.70710677,1.118034,0.70710677,1.118034,1.118034,1.8027756,2.5,1.8027756,1.4142135,1.8027756,2.5,1.8027756,0.70710677,2.9154758,
0.70710677,0.70710677,0.70710677,0.70710677,0.70710677,0.70710677,1.118034,0.5,0.5,0.70710677,1.118034,0.5,0.5,1.118034,0.5,0.70710677,1.118034,0.5,0.5,0.70710677,0.5,0.70710677,0.70710677,0.5,0.5,0.70710677,0.5,1.118034,0.5,0.5,0.70710677,0.70710677,0.70710677,0.70710677,0.5,1.0,0.5,0.5,0.5,0.70710677,0.5,0.5,0.70710677,0.5,0.70710677,0.70710677,0.5,1.0,0.5,0.5,1.0,0.5,0.5,1.0,0.5,0.5,0.5,0.5,0.5,0.70710677,0.5,1.118034,1.118034,1.5811388,1.118034,1.118034,0.0,1.118034,1.118034,1.118034,1.8027756,1.8027756,1.8027756,1.8027756,1.8027756,0.70710677,0.0,1.8027756,2.9154758,2.5,
1.0,0.5,0.70710677,0.70710677,0.70710677,1.118034,0.70710677,0.0,0.70710677,1.118034,1.118034,0.5,0.5,1.118034,1.118034,0.70710677,0.70710677,0.5,0.70710677,0.5,0.70710677,0.70710677,0.0,0.5,0.70710677,0.5,1.118034,0.5,0.5,0.5,0.70710677,0.70710677,0.70710677,0.70710677,0.5,0.5,0.5,0.5,0.5,0.5,0.5,0.5,0.5,0.70710677,0.70710677,0.70710677,0.5,0.5,0.5,0.5,0.5,0.5,0.5,1.0,0.5,0.5,0.5,0.5,0.5,0.0,0.5,1.0,1.118034,1.118034,1.118034,0.0,1.118034,0.70710677,1.118034,2.236068,1.8027756,1.8027756,1.8027756,1.8027756,1.118034,1.118034,1.8027756,1.8027756,2.236068,2.9154758,
0.70710677,0.70710677,0.5,0.70710677,0.70710677,0.70710677,0.0,0.70710677,0.70710677,0.70710677,0.70710677,0.5,1.118034,0.5,1.118034,1.118034,0.70710677,0.5,0.70710677,0.5,0.70710677,1.118034,0.5,0.0,0.70710677,0.70710677,0.70710677,0.5,0.5,0.5,1.118034,0.5,0.70710677,0.5,0.5,0.5,0.70710677,0.70710677,0.5,0.5,0.5,0.5,0.5,0.5,0.70710677,0.0,0.5,0.5,0.5,0.5,0.5,0.70710677,1.0,0.70710677,0.5,0.5,0.5,0.5,0.5,1.0,0.5,0.5,1.118034,1.118034,0.0,1.118034,0.70710677,1.8027756,2.236068,1.8027756,1.118034,1.118034,1.118034,0.70710677,0.70710677,0.70710677,2.236068,2.9154758,1.8027756,2.9154758,
1.118034,0.70710677,1.118034,1.118034,0.70710677,0.70710677,0.5,0.70710677,1.118034,0.70710677,0.70710677,0.70710677,0.5,0.5,0.70710677,1.118034,1.118034,0.5,0.5,0.70710677,0.5,0.70710677,0.5,0.70710677,0.5,0.70710677,0.70710677,0.0,0.5,0.5,0.5,0.5,0.70710677,0.5,0.5,0.5,0.5,0.5,0.70710677,0.5,0.5,0.70710677,0.70710677,0.70710677,0.70710677,1.0,0.5,0.5,0.5,0.5,0.0,0.5,1.0,0.5,0.5,0.70710677,0.5,0.5,0.5,1.118034,1.0,1.118034,1.118034,1.118034,1.118034,0.70710677,1.5811388,1.5811388,1.118034,1.118034,1.118034,1.118034,1.118034,1.118034,1.8027756,2.236068,2.236068,1.8027756,2.236068,1.8027756,
1.0,0.70710677,1.118034,1.118034,0.70710677,0.70710677,0.70710677,0.5,0.70710677,0.70710677,0.70710677,0.5,0.5,0.70710677,0.70710677,0.70710677,0.70710677,0.5,0.5,0.5,1.118034,0.70710677,0.70710677,0.5,0.5,0.70710677,0.5,0.0,0.5,0.0,0.70710677,0.70710677,0.70710677,0.70710677,0.5,0.5,0.70710677,0.70710677,0.5,0.5,0.5,0.70710677,0.70710677,0.70710677,0.5,1.0,0.5,0.70710677,0.70710677,0.5,0.0,1.0,0.5,0.5,0.5,0.5,0.0,0.0,0.5,0.5,0.5,1.0,0.5,0.5,0.0,1.118034,1.118034,1.118034,1.118034,1.118034,1.118034,1.118034,0.70710677,1.8027756,2.236068,1.8027756,2.236068,2.236068,1.118034,2.236068,
1.118034,0.5,0.70710677,1.118034,0.70710677,0.70710677,1.118034,1.118034,0.5,0.70710677,0.70710677,0.5,0.70710677,0.70710677,0.70710677,0.70710677,0.0,0.70710677,0.70710677,1.118034,1.0,0.70710677,0.5,0.5,0.70710677,0.70710677,0.70710677,0.5,0.70710677,0.70710677,0.70710677,0.70710677,0.5,0.0,0.5,0.5,0.5,0.70710677,0.5,0.0,0.5,0.5,0.5,0.70710677,0.5,1.0,0.5,0.5,0.70710677,0.5,1.118034,1.0,0.5,0.5,0.5,0.70710677,0.5,1.0,1.118034,1.0,0.5,0.5,0.70710677,0.5,0.0,1.118034,1.5811388,1.5811388,1.118034,1.118034,1.8027756,1.118034,1.4142135,2.236068,2.236068,2.236068,1.5811388,1.118034,2.236068,1.8027756,
0.70710677,0.0,0.70710677,1.118034,0.70710677,1.118034,0.5,0.5,0.70710677,1.118034,1.118034,0.5,0.5,0.70710677,0.70710677,0.70710677,0.5,0.5,0.70710677,0.70710677,0.70710677,0.0,0.5,0.5,1.118034,0.70710677,0.5,0.5,0.5,0.70710677,0.70710677,0.70710677,0.5,0.0,0.5,0.5,0.5,0.5,0.5,0.5,0.5,0.5,0.5,0.0,0.5,0.5,0.5,0.5,0.5,0.0,0.5,0.70710677,1.118034,0.70710677,0.5,0.70710677,0.5,0.5,1.118034,0.5,0.5,0.0,1.118034,0.0,1.118034,1.118034,1.118034,1.118034,2.236068,0.70710677,1.118034,1.118034,1.5811388,1.5811388,1.5811388,1.118034,1.8027756,2.236068,2.236068,1.8027756,
0.5,0.70710677,0.70710677,0.70710677,0.5,0.70710677,0.5,0.5,1.118034,1.118034,0.70710677,0.70710677,1.118034,0.70710677,0.70710677,0.70710677,0.5,0.5,0.5,0.70710677,0.70710677,0.5,0.5,0.70710677,0.70710677,1.118034,0.5,0.5,0.5,0.5,0.70710677,0.70710677,0.5,0.70710677,0.70710677,0.70710677,0.70710677,0.0,0.5,0.70710677,0.5,0.5,0.5,0.70710677,0.5,0.70710677,0.5,0.5,0.5,0.5,0.5,0.5,0.5,0.5,0.5,0.0,1.0,1.118034,1.118034,1.118034,0.5,1.118034,0.70710677,1.118034,1.5811388,1.118034,1.5811388,0.5,1.118034,1.118034,0.0,1.5811388,1.5811388,1.118034,1.118034,1.8027756,2.236068,1.8027756,0.70710677,1.8027756,
0.5,0.70710677,0.70710677,0.70710677,0.70710677,0.70710677,0.5,0.70710677,0.70710677,0.70710677,1.118034,0.70710677,0.70710677,1.0,0.5,0.5,0.5,0.5,0.70710677,0.70710677,0.70710677,0.5,0.70710677,0.70710677,0.70710677,0.70710677,0.70710677,0.70710677,1.118034,0.5,0.5,0.5,0.5,0.5,0.5,0.70710677,0.70710677,0.5,0.0,0.70710677,0.5,0.70710677,0.5,0.70710677,0.70710677,0.5,0.70710677,0.70710677,0.70710677,0.5,0.5,0.70710677,0.5,0.0,0.5,1.0,0.5,0.5,0.5,0.5,0.5,0.0,0.5,1.5811388,1.118034,1.118034,1.118034,1.5811388,1.118034,1.118034,1.118034,1.5811388,1.118034,1.118034,2.236068,1.118034,1.8027756,0.70710677,1.118034,1.118034,
0.5,0.70710677,0.70710677,1.118034,0.70710677,1.118034,0.5,0.70710677,0.70710677,0.70710677,0.70710677,0.70710677,0.70710677,0.5,1.0,1.118034,0.5,0.5,0.70710677,0.70710677,0.70710677,0.5,0.5,0.70710677,0.70710677,0.70710677,0.5,0.5,0.70710677,0.5,0.70710677,0.5,0.5,0.5,0.70710677,0.70710677,0.5,0.5,0.5,0.70710677,0.70710677,0.70710677,0.5,0.5,0.5,0.5,0.5,0.70710677,0.70710677,0.70710677,1.0,0.5,0.70710677,0.5,0.5,1.118034,1.118034,1.0,0.0,0.0,0.70710677,0.5,1.0,1.118034,1.118034,1.118034,1.118034,1.118034,0.70710677,1.118034,1.5811388,2.236068,2.236068,2.236068,1.5811388,1.118034,1.118034,0.70710677,1.118034,1.5811388,
0.70710677,1.118034,0.70710677,0.70710677,0.70710677,0.70710677,0.70710677,0.5,0.70710677,0.70710677,0.5,0.70710677,0.5,0.0,0.70710677,0.5,0.70710677,0.5,0.5,1.118034,0.5,0.5,0.5,0.70710677,0.70710677,0.5,0.5,0.5,0.5,0.5,0.70710677,0.0,0.5,0.70710677,0.70710677,0.5,0.5,0.5,0.5,0.70710677,0.70710677,0.5,0.5,0.5,0.5,0.5,0.5,0.5,0.5,0.5,0.5,0.0,0.5,0.70710677,1.118034,0.70710677,1.118034,0.5,1.118034,0.5,0.5,1.0,1.118034,1.118034,0.70710677,1.118034,0.70710677,1.118034,1.118034,1.118034,0.5,1.5811388,1.5811388,1.118034,1.118034,1.118034,1.118034,1.118034,1.5811388,2.236068,
0.70710677,1.118034,1.118034,0.5,1.118034,0.5,0.5,1.118034,0.5,1.118034,0.5,0.70710677,0.5,0.70710677,0.70710677,0.5,0.0,0.5,0.70710677,0.70710677,0.5,0.5,0.5,0.70710677,0.70710677,0.5,0.5,0.70710677,0.70710677,0.70710677,0.5,0.5,0.5,0.70710677,0.0,0.0,0.5,0.70710677,0.5,0.70710677,0.70710677,0.5,0.5,0.5,0.70710677,0.5,0.5,0.5,0.5,0.5,0.5,0.5,0.0,1.0,0.5,0.5,0.5,0.5,0.5,0.5,1.0,0.5,0.5,0.5,0.5,1.118034,0.0,1.118034,1.5811388,1.118034,1.118034,1.118034,1.118034,1.118034,1.118034,1.118034,0.70710677,2.6925824,1.118034,2.6925824,
0.70710677,0.5,0.5,1.118034,0.70710677,0.5,1.0,0.70710677,0.5,0.70710677,0.5,0.5,0.5,0.70710677,0.70710677,0.5,0.5,0.5,0.70710677,0.5,0.5,0.5,0.70710677,0.70710677,0.70710677,0.5,0.5,0.5,0.5,0.5,0.5,0.70710677,0.70710677,0.5,0.5,0.5,0.5,0.70710677,0.5,0.70710677,0.0,0.5,1.118034,0.70710677,0.70710677,0.70710677,1.0,1.118034,0.5,0.5,0.70710677,0.5,0.5,0.5,0.5,0.5,0.5,0.70710677,0.0,0.5,1.118034,0.5,0.5,0.70710677,0.5,1.118034,1.118034,1.5811388,1.5811388,1.118034,1.118034,1.118034,1.118034,1.118034,1.118034,0.70710677,2.6925824,2.236068,2.236068,1.5811388,
0.70710677,0.0,0.5,0.70710677,1.118034,0.5,0.5,0.5,0.70710677,0.70710677,0.5,0.5,0.70710677,0.5,0.70710677,0.5,0.5,0.70710677,0.70710677,0.70710677,0.5,0.5,0.70710677,0.5,0.5,0.5,0.5,0.70710677,0.70710677,0.5,0.5,0.5,0.5,0.5,0.5,0.5,0.5,0.70710677,0.70710677,0.70710677,0.5,0.5,0.5,0.5,0.5,0.0,0.5,0.70710677,0.5,0.70710677,0.5,0.70710677,1.118034,1.118034,1.118034,0.5,0.5,0.70710677,0.0,0.5,0.5,0.5,0.5,0.70710677,0.5,0.70710677,1.5811388,1.118034,1.5811388,1.118034,1.118034,1.118034,1.118034,1.118034,1.118034,1.5811388,1.5811388,1.5811388,1.118034,1.5811388,
0.5,0.5,0.70710677,0.70710677,0.5,0.0,0.70710677,0.5,0.70710677,0.70710677,1.0,0.5,0.5,0.70710677,0.70710677,0.5,0.5,0.70710677,0.70710677,0.5,0.5,0.5,0.70710677,0.5,0.0,0.5,0.70710677,0.5,0.5,0.5,0.0,0.5,0.5,0.5,0.5,0.5,0.5,0.5,0.70710677,0.5,0.5,0.5,0.5,0.70710677,0.5,0.5,1.0,0.5,0.5,0.0,0.0,1.0,0.5,0.5,1.118034,0.70710677,0.70710677,1.118034,1.118034,0.5,0.5,0.5,0.70710677,0.70710677,1.118034,1.118034,1.5811388,0.5,1.5811388,0.0,0.5,0.5,1.118034,0.0,1.5811388,1.5811388,1.5811388,1.118034,1.118034,1.5811388,
0.5,0.70710677,0.5,0.70710677,0.70710677,0.5,0.70710677,0.0,0.70710677,0.70710677,0.5,0.5,0.70710677,1.118034,0.5,0.5,1.0,0.70710677,0.70710677,0.5,0.5,0.70710677,0.5,0.70710677,0.5,0.5,0.5,0.70710677,0.70710677,0.5,0.5,0.5,0.5,0.5,0.0,0.0,0.5,0.5,0.70710677,0.5,0.70710677,0.5,0.5,0.70710677,0.0,0.70710677,0.5,0.5,0.5,0.5,0.5,0.5,0.5,0.5,0.5,0.0,0.5,1.0,0.5,0.5,0.5,0.5,0.5,0.0,1.5811388,0.5,0.5,1.118034,1.5811388,1.118034,1.118034,1.118034,0.0,1.5811388,1.5811388,1.118034,1.5811388,1.118034,1.118034,1.118034,
0.5,0.5,0.70710677,0.70710677,0.70710677,0.5,0.0,0.5,0.5,0.70710677,0.5,0.0,0.5,0.70710677,0.5,0.0,0.5,0.70710677,0.70710677,0.5,0.5,0.5,0.70710677,0.5,0.5,0.70710677,0.5,0.70710677,0.5,0.5,0.5,0.5,0.5,0.5,0.5,0.5,0.70710677,0.5,0.5,0.5,0.5,0.70710677,0.5,0.70710677,0.5,0.70710677,0.70710677,0.5,0.5,0.70710677,1.118034,1.118034,0.70710677,0.70710677,0.5,0.0,1.0,1.118034,0.5,0.5,0.5,0.5,0.5,1.118034,1.5811388,0.5,1.118034,1.118034,0.70710677,1.118034,1.118034,1.118034,1.5811388,1.5811388,1.118034,1.118034,1.5811388,1.118034,1.118034,1.118034,
0.70710677,0.5,0.5,0.5,0.70710677,0.5,0.70710677,0.70710677,0.70710677,0.5,0.5,0.5,0.5,0.70710677,0.5,0.5,0.70710677,0.5,0.5,0.5,0.0,0.5,0.70710677,0.5,0.5,0.5,0.70710677,0.5,0.5,0.5,0.70710677,0.5,0.5,0.5,0.5,0.5,0.5,0.70710677,0.5,0.5,0.5,0.5,0.0,0.5,0.5,0.5,0.5,0.5,0.70710677,1.118034,1.118034,1.118034,0.70710677,0.70710677,0.5,0.70710677,1.118034,1.118034,0.5,0.5,0.5,0.5,0.5,1.118034,1.118034,1.5811388,1.118034,1.118034,1.118034,1.118034,1.118034,1.5811388,1.5811388,1.5811388,1.5811388,0.5,1.118034,1.5811388,0.0,1.118034,
1.0,0.5,0.5,0.5,0.70710677,0.70710677,0.70710677,0.70710677,0.70710677,0.5,0.5,0.5,0.70710677,0.70710677,0.5,0.5,0.70710677,0.70710677,0.5,0.5,0.5,0.70710677,0.70710677,0.0,0.0,0.5,0.5,0.5,0.5,0.5,0.5,0.5,0.5,0.5,0.5,0.5,0.5,0.0,1.118034,0.5,0.5,0.70710677,0.0,0.5,0.5,0.5,0.70710677,0.0,0.0,0.5,0.5,0.5,0.5,0.0,0.5,0.5,1.0,0.5,0.5,0.5,0.5,0.5,1.0,1.0,0.5,0.5,0.5,0.0,1.118034,0.5,1.0,0.5,0.5,1.0,1.5811388,1.118034,1.118034,1.5811388,0.0,2.0615528,
0.70710677,0.70710677,0.70710677,1.0,1.0,0.5,0.5,0.5,0.5,0.5,0.5,0.5,0.5,0.5,0.5,0.5,0.5,0.5,0.5,0.0,0.5,0.5,0.5,0.5,0.5,0.5,0.70710677,0.5,0.5,0.0,0.5,0.5,0.0,0.0,0.70710677,0.70710677,0.70710677,0.70710677,0.70710677,0.5,0.70710677,0.70710677,1.118034,0.5,0.5,0.5,0.0,0.70710677,0.5,0.5,0.5,0.5,0.70710677,0.0,0.5,0.5,0.70710677,0.5,0.5,0.0,0.70710677,0.5,0.5,0.5,1.118034,1.118034,0.5,1.118034,1.118034,0.5,0.5,1.118034,1.118034,1.118034,1.118034,1.5811388,1.118034,0.0,1.5811388,2.0615528,
0.5,0.70710677,0.5,0.5,0.5,0.5,0.5,0.70710677,0.70710677,0.5,0.5,0.5,0.5,0.5,0.5,0.5,0.5,0.70710677,0.5,0.5,0.5,0.70710677,0.5,0.5,0.5,0.70710677,0.5,0.0,0.5,0.70710677,0.5,0.5,0.0,0.5,0.5,0.5,0.0,0.5,0.5,0.5,0.0,0.70710677,1.118034,0.70710677,0.70710677,0.70710677,0.70710677,1.118034,1.118034,1.118034,0.5,0.5,0.70710677,0.5,1.118034,1.0,1.118034,0.5,0.0,0.0,1.118034,1.118034,0.5,0.5,1.118034,1.118034,1.118034,1.118034,1.118034,1.5811388,1.5811388,1.5811388,1.118034,1.118034,1.118034,0.70710677,1.118034,1.5811388,1.5811388,1.118034,
0.5,0.5,0.70710677,0.5,0.0,0.5,0.70710677,0.5,0.70710677,0.0,0.5,0.5,0.5,0.5,0.5,0.5,0.70710677,0.5,0.5,0.5,0.70710677,0.70710677,0.5,0.5,0.70710677,0.70710677,0.5,0.5,0.5,0.5,0.70710677,0.5,0.5,0.5,0.5,0.5,0.5,0.5,0.5,0.5,0.5,0.5,0.5,0.5,0.0,0.5,0.0,0.5,0.5,0.5,0.0,0.70710677,0.70710677,1.118034,1.118034,0.5,1.118034,0.70710677,0.70710677,1.0,1.0,0.5,1.118034,1.118034,1.118034,0.70710677,1.118034,1.118034,1.5811388,1.5811388,1.0,1.118034,0.0,0.5,0.5,0.0,2.0615528,1.5811388,2.0615528,1.5811388,
0.5,0.5,0.5,0.70710677,0.5,0.5,0.5,0.70710677,0.0,0.5,0.70710677,0.5,0.70710677,0.0,0.5,0.70710677,0.5,0.5,0.5,0.5,0.5,0.5,0.5,0.5,0.70710677,0.70710677,0.5,0.5,0.5,0.5,0.70710677,0.5,0.5,0.70710677,0.5,0.5,0.70710677,0.70710677,0.70710677,0.5,0.5,0.5,0.5,0.5,0.0,0.70710677,0.5,0.5,0.0,0.70710677,0.5,0.0,0.5,0.5,0.5,1.118034,0.0,0.5,0.5,0.5,1.118034,0.5,0.5,0.5,0.0,1.118034,0.5,1.0,1.118034,0.5,1.118034,1.118034,0.5,1.118034,1.5811388,1.5811388,0.5,2.0615528,1.5811388,1.5811388,
0.5,0.70710677,0.5,0.70710677,0.5,0.5,0.5,0.70710677,0.0,0.5,0.70710677,0.5,0.5,0.5,0.5,0.5,0.70710677,0.5,0.5,0.5,0.5,0.5,0.5,0.5,0.5,0.5,0.5,0.5,0.70710677,0.70710677,0.5,0.5,0.5,0.5,0.70710677,0.5,0.70710677,0.70710677,0.70710677,0.70710677,1.118034,0.5,0.5,0.70710677,0.70710677,1.0,0.5,1.118034,0.5,0.5,0.70710677,1.0,1.118034,0.5,0.5,0.70710677,0.5,0.5,0.5,0.5,1.118034,0.0,0.5,0.5,0.5,1.118034,1.5811388,0.5,1.118034,0.5,1.5811388,0.5,1.5811388,1.5811388,1.5811388,1.5811388,1.5811388,1.118034,1.5811388,1.5811388,
0.5,1.0,0.70710677,0.70710677,0.5,0.5,0.5,0.70710677,0.5,0.5,0.70710677,0.5,0.5,0.5,0.5,0.70710677,0.0,0.5,0.5,0.5,0.70710677,0.5,0.5,0.5,0.5,0.5,0.5,0.5,0.5,0.70710677,0.5,0.5,0.5,0.5,0.0,0.5,0.5,0.0,0.5,0.5,1.118034,0.5,1.118034,0.70710677,0.70710677,0.70710677,1.118034,0.5,0.70710677,0.5,1.118034,0.5,0.70710677,0.70710677,1.118034,1.118034,0.70710677,1.0,0.5,0.5,0.5,0.5,0.5,0.0,1.118034,1.5811388,1.118034,1.5811388,1.118034,1.118034,1.118034,1.118034,1.5811388,1.5811388,2.0615528,1.5811388,1.118034,1.5811388,1.5811388,1.118034,
1.0,0.5,1.0,0.5,0.5,0.5,0.70710677,0.70710677,0.5,0.5,0.5,0.70710677,0.5,0.5,0.5,0.5,0.5,0.5,0.5,0.70710677,0.5,0.5,0.5,0.5,0.5,0.5,0.5,0.70710677,0.70710677,0.5,0.5,0.0,0.5,0.70710677,0.5,0.70710677,0.5,0.0,0.70710677,0.5,0.5,0.70710677,0.0,0.5,0.5,0.5,0.70710677,0.5,0.0,0.0,0.5,0.5,0.5,0.5,0.5,0.0,1.0,0.5,0.5,0.0,0.70710677,0.0,0.0,0.5,1.0,0.5,0.5,1.118034,0.5,0.5,0.0,0.5,2.0615528,1.0,1.5811388,0.5,1.5811388,0.0,0.5,1.5811388,
0.0,0.5,0.5,0.0,0.5,0.5,0.5,0.5,0.5,1.0,0.5,1.0,0.5,0.5,0.70710677,0.5,0.5,0.5,0.5,0.70710677,0.5,0.5,0.5,0.5,0.5,0.5,0.5,0.5,0.5,0.5,0.5,0.5,0.70710677,0.0,0.70710677,0.5,0.70710677,0.70710677,1.118034,0.5,0.5,0.70710677,0.0,0.5,0.5,1.118034,0.5,0.70710677,0.5,1.0,0.70710677,0.5,0.5,0.70710677,0.70710677,1.0,0.5,0.5,0.5,0.5,1.118034,0.0,1.0,1.0,0.5,0.5,1.118034,1.118034,0.5,0.5,1.5811388,1.5811388,1.0,1.5811388,0.5,1.5811388,0.0,1.5811388,0.5,1.118034,
0.5,0.5,0.5,0.5,0.5,0.5,0.5,0.5,0.0,0.5,0.5,0.5,0.5,0.5,0.5,0.0,0.5,0.5,0.5,0.70710677,0.0,0.5,0.5,0.70710677,0.5,0.5,0.5,0.70710677,0.5,0.5,0.5,0.5,0.70710677,1.118034,0.5,0.70710677,0.5,0.70710677,1.118034,0.70710677,0.70710677,0.70710677,0.70710677,0.5,1.118034,0.5,0.70710677,0.70710677,0.5,1.118034,1.118034,0.5,0.70710677,0.70710677,1.118034,0.5,0.5,0.5,0.5,0.5,0.5,1.0,1.0,0.5,0.5,0.5,1.118034,1.118034,0.70710677,0.5,1.5811388,1.5811388,0.5,1.118034,1.5811388,0.5,1.5811388,1.118034,1.5811388,2.0615528,
0.5,0.5,0.5,0.5,0.5,0.5,0.70710677,0.5,0.5,0.5,0.70710677,0.5,0.5,0.5,0.5,0.0,0.5,0.70710677,0.5,0.5,0.0,0.5,0.70710677,0.5,0.0,0.5,0.5,0.5,0.0,0.5,0.5,0.5,0.0,0.5,0.5,0.70710677,0.5,0.5,0.5,0.5,0.5,0.70710677,0.70710677,0.70710677,1.118034,1.118034,0.70710677,0.70710677,1.118034,0.70710677,1.118034,0.5,1.118034,1.118034,1.118034,1.118034,0.70710677,0.5,0.0,0.70710677,1.118034,1.118034,0.5,0.5,1.118034,1.118034,1.118034,1.118034,1.5811388,1.118034,1.118034,1.118034,1.5811388,1.5811388,1.118034,1.5811388,1.118034,2.0615528,2.0615528,2.0615528,
0.5,0.5,0.5,0.5,0.5,0.5,0.5,0.5,0.5,0.5,0.5,0.5,0.5,0.5,0.5,0.5,0.5,0.5,0.5,0.5,0.5,0.0,0.5,0.5,0.5,0.0,0.5,0.5,0.0,0.5,0.5,0.70710677,0.5,0.5,0.70710677,0.0,0.0,0.5,0.5,0.5,0.0,0.70710677,0.5,0.5,0.5,0.70710677,0.0,0.5,0.5,0.5,0.70710677,0.5,0.5,0.5,0.5,0.5,0.0,0.5,0.0,0.5,1.118034,0.5,0.5,0.5,0.0,0.5,0.5,1.0,1.0,1.0,1.5811388,1.5811388,0.5,0.5,0.0,1.118034,2.0615528,1.0,1.0,2.0615528,
0.5,0.70710677,0.5,0.5,0.5,0.5,0.5,0.5,0.5,0.5,0.5,0.5,0.5,0.5,0.5,0.5,0.5,0.5,0.5,0.5,0.5,0.5,0.5,0.5,0.5,0.5,0.5,0.5,0.5,0.5,0.5,0.5,0.70710677,0.5,0.5,0.70710677,0.70710677,0.70710677,0.5,0.0,0.70710677,1.118034,1.118034,0.70710677,0.0,0.0,0.5,0.5,0.70710677,1.118034,0.70710677,0.0,0.5,0.5,0.5,0.5,0.5,0.5,1.0,0.5,1.118034,0.5,0.5,0.5,0.0,1.0,0.5,0.5,1.0,1.0,1.5811388,1.5811388,1.118034,1.118034,2.0615528,1.0,1.0,2.0615528,1.5811388,1.5811388,
1.0,1.0,1.0,1.0,1.0,0.5,0.5,0.5,0.5,0.5,0.5,0.5,0.70710677,0.70710677,0.5,0.5,0.5,0.5,0.5,0.5,0.5,0.5,0.5,0.5,0.5,0.5,0.5,0.5,0.5,0.5,0.5,0.70710677,0.70710677,0.70710677,0.70710677,0.70710677,1.118034,0.70710677,0.0,0.70710677,1.118034,0.70710677,0.70710677,0.70710677,0.70710677,0.70710677,1.118034,0.70710677,0.70710677,0.70710677,1.118034,0.5,0.5,0.5,0.5,0.0,0.5,0.5,0.5,0.5,0.5,0.5,0.5,0.5,0.5,1.0,0.5,0.5,0.5,0.5,1.5811388,1.118034,1.118034,1.5811388,1.5811388,2.0615528,1.5811388,1.5811388,1.5811388,1.5811388,
0.5,0.5,0.0,0.5,0.5,0.5,0.5,0.5,0.5,0.5,0.5,0.5,0.5,0.5,0.0,0.5,0.5,0.5,0.5,0.5,0.0,0.5,0.5,0.0,0.5,0.5,0.0,0.5,0.5,0.5,0.0,0.5,0.5,0.0,0.0,0.5,0.5,0.5,0.5,0.0,0.5,0.5,0.0,0.0,0.0,0.5,0.5,0.5,0.5,0.0,0.5,0.5,0.5,0.5,0.5,0.0,0.5,0.5,0.5,0.5,0.5,0.5,0.5,1.0,0.5,1.0,0.5,0.5,0.5,0.5,0.5,0.5,1.0,1.0,1.0,1.0,0.5,0.5,0.5,0.5,
0.70710677,0.70710677,1.118034,0.70710677,0.70710677,0.5,0.70710677,0.70710677,0.70710677,0.70710677,0.70710677,0.70710677,0.70710677,0.70710677,0.70710677,0.70710677,0.70710677,0.0,0.70710677,0.70710677,0.70710677,0.70710677,0.70710677,0.70710677,0.70710677,0.70710677,0.70710677,0.70710677,0.70710677,0.70710677,0.5,0.5,0.5,0.5,0.5,0.5,0.5,0.5,0.0,0.5,0.5,0.5,0.5,0.5,0.5,0.5,0.5,0.5,0.5,0.5,0.70710677,0.5,0.5,0.5,0.5,0.5,0.5,0.5,0.5,0.5,0.5,0.5,1.0,1.0,0.5,1.0,0.5,0.5,0.5,0.5,0.70710677,0.70710677,0.5,0.70710677,0.5,0.5,0.70710677,0.70710677,0.70710677,0.5,
0.70710677,0.70710677,0.70710677,0.70710677,0.70710677,0.70710677,0.70710677,0.70710677,0.70710677,0.70710677,0.70710677,0.70710677,0.70710677,0.70710677,0.70710677,0.70710677,0.70710677,0.70710677,0.70710677,0.70710677,0.70710677,0.70710677,0.70710677,0.70710677,0.70710677,0.70710677,0.70710677,0.70710677,0.5,0.0,0.5,0.5,0.5,0.0,0.5,0.5,0.5,0.5,0.0,0.5,0.5,0.5,0.5,0.5,0.5,0.5,0.5,0.0,0.5,0.5,0.5,0.5,0.5,0.5,1.0,0.5,0.5,0.5,0.5,0.5,0.70710677,0.5,0.5,1.0,0.5,0.5,0.5,0.5,0.5,1.0,0.70710677,0.5,0.5,0.70710677,0.5,0.5,0.5,0.5,0.5,0.5,
0.70710677,0.70710677,0.70710677,0.70710677,0.70710677,0.70710677,0.70710677,0.70710677,0.70710677,0.0,0.70710677,0.70710677,0.70710677,0.70710677,0.70710677,0.70710677,0.70710677,0.70710677,0.70710677,0.70710677,1.118034,0.0,0.70710677,0.70710677,0.70710677,0.5,0.70710677,0.70710677,0.5,0.5,0.5,0.5,0.0,0.5,0.5,0.5,0.5,0.5,0.5,0.5,0.5,0.5,0.0,0.5,0.5,0.5,0.0,0.0,0.5,0.5,0.5,0.5,0.5,0.5,0.5,0.5,0.5,0.5,0.5,0.0,0.5,0.5,0.5,0.5,0.5,0.5,0.5,0.5,0.5,0.5,0.70710677,1.0,0.5,1.0,0.5,0.5,0.5,0.5,1.5,0.70710677,
0.70710677,0.70710677,0.70710677,0.70710677,0.5,0.70710677,0.70710677,0.70710677,0.70710677,0.70710677,0.70710677,0.70710677,0.70710677,0.70710677,0.70710677,0.70710677,0.0,0.70710677,0.5,0.70710677,0.5,0.0,0.70710677,0.5,0.70710677,0.70710677,0.0,0.70710677,0.0,0.5,0.5,0.0,0.5,0.5,0.0,0.5,0.0,0.5,0.5,0.5,0.5,0.70710677,0.5,0.5,0.5,0.5,0.5,0.5,0.5,0.5,0.5,0.5,0.70710677,0.5,0.5,0.5,0.70710677,0.5,0.0,0.5,0.5,0.5,0.5,0.5,0.70710677,0.5,0.5,0.5,0.5,0.5,0.70710677,0.5,0.5,0.5,0.70710677,0.70710677,0.70710677,0.70710677,0.5,0.5,
0.0,0.70710677,0.70710677,0.5,0.70710677,0.0,0.70710677,0.70710677,0.0,0.70710677,0.5,0.70710677,0.70710677,0.5,0.70710677,0.5,0.0,0.70710677,0.0,0.70710677,0.0,0.70710677,0.70710677,0.70710677,0.70710677,0.70710677,0.70710677,0.70710677,0.5,0.5,0.5,0.5,0.5,0.5,0.5,0.5,0.5,0.5,0.5,0.5,0.5,0.5,0.5,0.5,0.5,0.0,0.5,0.5,0.5,0.5,0.5,0.0,0.5,0.5,0.5,0.5,0.5,0.0,0.5,1.0,0.5,0.5,0.0,0.5,0.5,1.0,0.5,0.5,0.5,0.5,0.5,0.5,0.5,0.5,0.70710677,1.0,0.70710677,0.5,0.5,0.70710677,
0.0,0.70710677,0.70710677,0.70710677,0.70710677,0.0,0.5,0.70710677,0.70710677,1.4142135,0.70710677,1.118034,0.70710677,0.70710677,0.70710677,0.70710677,0.70710677,0.70710677,0.70710677,0.70710677,0.70710677,0.70710677,0.70710677,0.70710677,0.70710677,0.70710677,0.70710677,0.70710677,0.5,0.5,0.5,0.5,0.5,0.0,0.5,0.5,0.5,0.5,0.5,0.5,0.0,0.5,0.5,0.5,0.0,0.5,0.5,0.5,0.5,0.5,0.70710677,0.5,0.5,0.5,0.5,0.0,0.5,0.5,0.5,0.5,0.5,0.5,0.5,0.0,1.0,0.5,0.5,0.70710677,1.0,0.5,0.5,0.0,0.5,0.5,1.0,0.5,1.0,0.5,0.5,0.70710677,
1.118034,0.70710677,0.70710677,0.5,0.70710677,0.70710677,1.4142135,0.70710677,0.70710677,0.70710677,0.70710677,0.70710677,0.70710677,0.70710677,0.70710677,0.70710677,0.70710677,0.70710677,1.118034,0.70710677,0.70710677,0.70710677,0.70710677,0.70710677,0.70710677,0.70710677,0.70710677,0.5,0.5,0.5,0.5,0.5,0.5,0.5,0.5,0.5,0.5,0.5,0.5,0.0,0.5,0.5,0.5,0.0,0.0,0.5,0.5,0.5,0.5,0.5,0.5,0.5,0.5,0.5,0.5,0.5,0.5,0.5,0.5,0.0,0.70710677,0.0,0.0,1.0,0.5,1.0,0.5,0.5,0.5,0.0,0.5,0.5,0.70710677,0.5,0.5,1.0,0.5,0.5,1.0,0.5,
0.70710677,0.70710677,0.70710677,0.70710677,0.70710677,0.70710677,1.4142135,0.70710677,0.70710677,0.70710677,0.70710677,0.70710677,0.70710677,0.70710677,0.70710677,0.70710677,0.70710677,0.70710677,0.70710677,0.70710677,0.70710677,0.70710677,0.70710677,0.70710677,0.70710677,0.70710677,0.0,0.5,0.5,0.5,0.5,0.5,0.5,0.5,0.5,0.5,0.5,0.0,0.5,0.0,0.5,0.5,0.5,0.5,0.5,0.5,0.5,0.5,0.5,0.5,0.5,0.5,0.5,0.70710677,0.70710677,0.5,0.5,0.5,0.5,0.5,0.5,0.5,1.0,0.5,0.5,0.5,0.5,0.5,0.5,0.5,0.5,0.70710677,0.5,0.5,0.5,0.5,0.5,0.70710677,0.5,0.5,
0.70710677,0.70710677,0.70710677,0.70710677,0.70710677,0.5,0.70710677,0.70710677,0.70710677,0.70710677,0.70710677,0.70710677,0.70710677,0.70710677,0.70710677,0.0,0.70710677,0.70710677,0.70710677,0.70710677,0.5,0.70710677,0.70710677,0.70710677,0.70710677,0.5,0.5,0.5,0.5,0.5,0.5,0.5,0.5,0.5,0.5,0.5,0.5,0.5,0.5,0.5,0.5,0.5,0.5,0.5,0.5,0.5,0.5,0.5,0.5,0.5,0.5,0.5,0.5,0.5,1.0,0.5,0.5,0.5,0.5,0.0,0.70710677,0.5,0.5,0.5,0.5,0.70710677,0.0,0.0,0.70710677,1.0,0.70710677,0.5,0.5,0.5,0.5,0.5,0.5,0.70710677,0.5,0.70710677,
0.70710677,0.70710677,0.70710677,0.70710677,0.70710677,0.5,0.70710677,0.70710677,0.5,0.70710677,0.70710677,0.70710677,0.70710677,0.0,0.70710677,0.70710677,0.70710677,0.70710677,0.0,0.0,0.0,0.70710677,0.70710677,1.4142135,1.4142135,0.5,0.5,0.5,0.5,0.5,0.5,0.5,0.5,0.5,0.5,0.5,0.5,0.5,0.5,0.5,0.5,0.5,0.0,0.5,0.5,0.5,0.5,0.0,0.5,0.5,0.5,0.5,0.0,0.5,0.5,0.5,0.5,0.0,0.5,0.5,0.5,0.5,0.5,0.5,0.5,0.5,0.5,0.5,0.70710677,1.0,0.70710677,0.5,1.0,0.70710677,0.70710677,0.5,0.5,0.0,0.5,0.70710677,
0.70710677,0.70710677,0.70710677,0.70710677,0.70710677,0.70710677,0.70710677,0.70710677,0.70710677,0.0,0.5,0.70710677,0.70710677,0.0,0.70710677,0.70710677,0.70710677,0.70710677,0.70710677,0.70710677,0.70710677,0.70710677,0.70710677,0.70710677,0.70710677,0.5,0.5,0.5,0.5,0.70710677,0.5,0.5,0.5,0.5,0.5,0.5,0.5,0.0,0.5,0.5,0.5,0.0,0.5,0.5,0.5,0.0,0.0,0.5,0.5,0.5,0.5,0.70710677,0.5,0.5,0.5,0.5,0.70710677,0.70710677,0.5,1.0,0.5,0.5,0.5,0.5,0.70710677,0.70710677,0.5,0.5,0.5,0.70710677,0.5,1.0,0.5,0.0,0.0,0.5,0.5,0.70710677,1.118034,1.118034,
0.70710677,0.70710677,0.70710677,0.70710677,0.5,0.70710677,0.70710677,0.70710677,0.70710677,0.70710677,0.70710677,0.70710677,0.70710677,0.70710677,0.70710677,0.70710677,0.70710677,0.70710677,0.70710677,0.70710677,0.70710677,0.70710677,0.70710677,0.70710677,0.70710677,0.5,0.5,0.5,0.5,0.5,0.5,0.5,0.5,0.5,0.5,0.5,0.5,0.5,0.5,0.5,0.5,0.5,0.5,0.5,0.5,0.5,0.70710677,0.5,0.5,0.5,0.70710677,0.5,0.5,0.5,0.5,0.70710677,0.70710677,1.0,0.5,0.5,0.5,0.5,0.5,0.5,0.5,0.5,0.5,0.5,0.70710677,0.5,0.70710677,0.70710677,0.70710677,0.70710677,0.70710677,1.118034,0.70710677,0.5,0.70710677,0.70710677,
0.70710677,0.70710677,0.70710677,1.4142135,1.118034,1.118034,1.4142135,1.4142135,0.70710677,0.70710677,0.70710677,0.70710677,0.70710677,0.70710677,0.70710677,0.70710677,0.70710677,0.70710677,0.70710677,0.70710677,0.70710677,0.70710677,0.70710677,0.70710677,0.5,0.5,0.5,0.5,0.5,0.5,0.0,0.5,0.5,0.5,0.5,0.5,0.5,0.5,0.5,0.5,0.5,0.5,0.5,0.5,0.5,0.5,0.5,0.5,0.70710677,0.0,0.0,0.5,0.5,0.5,0.0,0.0,0.5,0.5,0.5,0.5,0.5,0.5,0.5,0.5,0.70710677,1.0,1.0,1.0,0.5,0.0,0.5,0.5,0.5,0.70710677,0.70710677,0.70710677,0.70710677,0.70710677,0.5,0.70710677,
1.4142135,1.4142135,1.4142135,1.4142135,0.70710677,0.70710677,0.70710677,0.70710677,0.70710677,0.70710677,0.70710677,0.70710677,0.70710677,0.70710677,0.70710677,0.70710677,0.70710677,0.70710677,0.70710677,0.70710677,0.70710677,0.70710677,0.70710677,0.0,0.0,0.5,0.0,0.0,0.5,0.5,0.5,0.5,0.5,0.5,0.5,0.5,0.5,0.5,0.5,0.5,0.5,0.5,0.0,0.0,0.5,0.5,0.5,0.5,0.5,0.5,0.5,0.5,0.5,0.5,0.0,0.5,0.5,0.5,0.5,0.5,0.5,0.5,1.0,0.5,0.5,1.0,1.0,0.5,0.0,0.5,0.0,1.0,1.0,0.5,0.70710677,0.70710677,0.70710677,0.5,0.5,0.70710677,
0.70710677,0.70710677,0.70710677,0.70710677,0.70710677,0.70710677,0.70710677,0.70710677,0.70710677,0.70710677,1.4142135,0.70710677,0.70710677,0.70710677,0.70710677,0.70710677,0.70710677,0.70710677,0.70710677,0.70710677,0.5,0.70710677,0.70710677,0.5,0.5,0.5,0.5,0.5,0.5,0.5,0.5,0.5,0.5,0.5,0.5,0.5,0.5,0.5,0.5,0.70710677,0.5,0.5,0.5,0.0,0.5,0.5,0.5,0.0,0.5,0.5,0.5,0.5,0.70710677,0.5,0.5,0.5,0.5,0.5,0.5,0.5,0.5,1.0,1.0,0.5,0.5,0.5,0.5,0.70710677,0.70710677,0.70710677,0.70710677,0.70710677,0.70710677,0.70710677,0.5,1.0,0.70710677,0.0,0.5,0.5,
0.70710677,1.4142135,1.4142135,0.70710677,1.4142135,0.5,0.5,0.70710677,0.70710677,0.70710677,0.70710677,0.0,0.70710677,0.70710677,0.70710677,0.0,0.70710677,0.70710677,0.70710677,0.70710677,0.70710677,0.70710677,1.118034,0.5,0.5,0.5,0.5,0.5,0.5,0.5,0.0,0.5,0.0,0.5,0.5,0.5,0.5,0.5,0.5,0.5,0.5,0.5,0.5,0.70710677,0.5,0.5,0.5,0.5,0.5,0.5,0.5,0.5,0.70710677,0.5,0.5,0.5,0.70710677,0.5,0.5,0.5,0.5,1.0,0.5,0.5,0.5,0.5,0.5,0.70710677,0.70710677,0.5,0.5,0.5,0.5,0.70710677,0.5,0.70710677,0.5,0.70710677,0.5,0.70710677,
0.70710677,0.5,0.70710677,0.70710677,0.70710677,0.70710677,0.70710677,0.0,0.5,0.70710677,0.70710677,0.70710677,0.70710677,1.4142135,0.70710677,0.70710677,1.4142135,0.70710677,1.118034,0.70710677,0.70710677,0.70710677,0.5,0.5,0.5,0.5,0.5,0.5,0.5,0.0,0.5,0.5,0.5,0.5,0.5,0.5,0.5,0.5,0.5,0.5,0.5,0.5,0.0,0.5,0.5,0.5,0.5,0.5,0.5,0.5,0.5,0.70710677,0.5,0.5,0.5,0.5,0.5,0.0,0.5,0.5,0.5,0.5,0.5,0.5,0.5,0.5,1.0,0.5,0.70710677,0.70710677,0.70710677,0.70710677,0.5,0.5,0.70710677,0.70710677,0.0,0.5,0.5,0.70710677,
0.70710677,0.70710677,0.70710677,1.4142135,0.70710677,0.70710677,0.70710677,0.70710677,0.70710677,0.70710677,1.4142135,0.70710677,1.4142135,0.70710677,0.70710677,0.70710677,0.70710677,0.70710677,0.70710677,0.70710677,0.70710677,0.0,0.5,0.5,0.0,0.5,0.5,0.5,0.5,0.5,0.5,0.5,0.5,0.5,0.5,0.5,0.5,0.5,0.5,0.5,0.5,0.5,0.5,0.5,0.5,0.5,0.5,0.5,0.5,0.0,0.0,0.0,0.5,0.5,0.5,0.5,0.5,0.5,0.70710677,0.5,0.5,0.5,0.70710677,0.70710677,0.70710677,0.70710677,0.5,0.5,0.5,0.5,0.5,0.5,0.0,0.5,0.70710677,0.0,0.0,0.70710677,1.118034,1.5811388,
1.118034,0.0,0.70710677,0.5,1.4142135,0.70710677,0.70710677,0.70710677,0.70710677,0.70710677,0.70710677,0.70710677,0.70710677,0.70710677,0.70710677,0.70710677,0.70710677,0.70710677,0.70710677,0.70710677,0.70710677,0.5,0.5,0.5,0.0,0.5,0.5,0.5,0.5,0.5,0.5,0.5,0.5,0.5,0.5,0.5,0.5,0.5,0.5,0.5,0.0,0.5,0.5,0.5,0.5,0.0,0.5,0.5,0.5,0.70710677,0.70710677,0.5,0.5,0.70710677,0.5,0.5,1.0,0.5,0.5,0.5,0.5,0.5,0.0,0.70710677,1.0,0.70710677,0.5,0.70710677,0.5,0.5,0.5,0.70710677,0.5,0.70710677,0.5,1.118034,1.118034,0.70710677,0.70710677,1.5811388,
0.70710677,0.70710677,1.4142135,1.4142135,0.70710677,0.70710677,1.4142135,0.70710677,0.70710677,0.70710677,0.70710677,0.70710677,0.70710677,0.70710677,0.70710677,0.70710677,0.70710677,0.70710677,0.70710677,0.70710677,0.70710677,0.5,0.5,0.5,0.5,0.5,0.5,0.5,0.5,0.5,0.5,0.5,0.5,0.5,0.5,0.5,0.70710677,0.5,0.5,0.5,0.5,0.5,0.5,0.5,0.70710677,0.5,0.5,0.5,0.5,0.5,0.5,0.5,0.5,0.70710677,0.5,0.5,0.5,0.70710677,0.5,0.0,0.70710677,0.5,1.0,0.70710677,0.5,0.70710677,0.5,0.70710677,0.0,0.0,0.70710677,0.5,0.70710677,0.70710677,1.118034,0.70710677,0.70710677,0.5,0.70710677,1.118034,
0.70710677,1.4142135,1.4142135,1.4142135,1.118034,0.70710677,0.70710677,1.4142135,0.70710677,1.4142135,0.70710677,0.5,0.70710677,0.70710677,0.70710677,0.70710677,0.0,0.5,0.70710677,0.70710677,0.5,0.5,0.5,1.118034,0.5,0.5,0.5,0.5,0.5,0.5,0.5,0.0,0.5,0.5,0.0,0.0,0.5,0.5,0.5,0.5,0.5,0.5,0.5,0.5,0.5,0.5,0.5,0.5,0.0,0.5,0.5,0.5,0.5,0.5,0.5,0.5,0.5,0.5,0.0,0.5,0.70710677,0.5,1.0,0.5,0.5,0.0,0.5,0.0,0.0,0.5,1.118034,0.70710677,1.118034,1.118034,1.118034,1.118034,0.70710677,0.70710677,0.70710677,0.70710677,
0.70710677,1.4142135,0.70710677,0.70710677,0.70710677,0.70710677,0.70710677,0.70710677,0.70710677,0.70710677,0.5,0.70710677,0.70710677,0.70710677,0.70710677,0.70710677,0.70710677,0.70710677,0.70710677,1.118034,0.5,0.5,0.5,0.5,0.5,0.5,0.5,0.5,0.5,0.5,0.5,0.5,0.5,0.5,0.5,0.5,0.5,0.5,0.5,0.5,0.5,0.5,0.0,0.5,0.5,0.5,0.5,0.0,0.5,0.5,0.5,0.5,0.5,0.5,0.5,0.5,0.5,0.5,0.70710677,1.0,0.5,1.0,0.5,0.5,0.5,0.70710677,0.5,0.70710677,0.5,1.118034,1.0,1.118034,0.0,0.70710677,0.70710677,1.118034,1.118034,0.0,1.118034,0.70710677,
1.4142135,0.70710677,0.70710677,1.4142135,1.4142135,1.4142135,1.4142135,0.70710677,0.70710677,0.70710677,0.70710677,0.70710677,0.70710677,0.70710677,1.4142135,1.4142135,1.4142135,0.70710677,0.70710677,0.5,0.5,0.5,0.0,0.5,0.5,0.5,0.5,0.5,0.5,0.0,0.0,0.5,0.5,0.5,0.5,0.5,0.5,0.5,0.5,0.5,0.5,0.0,0.5,0.5,0.5,0.5,0.0,0.70710677,0.5,0.5,0.5,0.5,0.5,0.5,0.5,0.70710677,0.70710677,0.70710677,0.5,0.5,0.5,0.5,0.5,0.70710677,0.5,0.5,0.5,0.5,0.5,0.70710677,0.5,0.5,0.5,0.5,0.0,1.118034,1.118034,0.70710677,0.70710677,1.118034,
1.4142135,0.70710677,1.4142135,0.70710677,1.4142135,0.70710677,0.70710677,0.70710677,0.70710677,0.70710677,1.118034,0.70710677,0.70710677,1.4142135,1.118034,0.70710677,0.70710677,0.70710677,0.5,0.5,0.5,0.5,0.5,0.5,0.5,0.0,0.5,0.5,0.5,0.5,0.5,0.5,0.5,0.5,0.5,0.5,0.5,0.5,0.5,0.5,0.5,0.0,0.5,0.5,0.5,0.5,0.5,0.5,0.5,0.5,0.5,0.5,0.5,0.5,0.70710677,0.5,0.5,1.0,0.5,0.5,0.70710677,0.5,0.5,0.5,0.5,0.70710677,0.5,0.5,0.70710677,0.5,1.118034,0.0,0.70710677,0.70710677,0.5,0.5,0.5,0.5,0.70710677,0.5,
1.4142135,0.70710677,1.4142135,0.70710677,0.5,0.70710677,1.4142135,0.70710677,1.4142135,1.4142135,0.70710677,0.70710677,1.4142135,1.4142135,0.70710677,0.70710677,0.70710677,0.70710677,0.5,0.5,0.5,0.5,0.5,0.5,0.5,0.5,0.5,0.5,0.5,0.5,0.5,0.5,0.5,0.0,0.5,0.5,0.5,0.5,0.5,0.5,0.5,0.5,0.5,0.5,0.5,0.5,0.5,0.5,0.5,0.5,0.0,0.5,0.5,0.5,0.5,0.70710677,0.5,0.5,0.5,0.5,0.5,0.70710677,0.5,0.5,0.70710677,0.5,0.5,0.5,1.118034,0.0,0.70710677,0.70710677,0.0,1.0,0.70710677,0.5,0.5,0.5,0.70710677,0.5,
1.4142135,0.70710677,1.4142135,1.4142135,1.4142135,1.8027756,1.4142135,0.70710677,0.70710677,1.118034,1.4142135,1.4142135,0.70710677,0.70710677,0.70710677,0.70710677,0.70710677,0.0,0.5,0.5,0.5,0.0,0.5,0.5,1.118034,0.5,0.5,0.5,0.5,0.5,0.5,0.5,0.5,0.5,0.5,0.5,0.0,0.5,0.5,0.5,0.5,0.5,0.5,0.0,0.5,0.0,0.5,0.5,0.5,0.0,0.5,0.5,0.5,0.5,0.5,0.5,0.5,0.5,0.70710677,0.5,0.70710677,0.5,0.5,0.5,0.5,0.5,0.5,0.5,0.5,0.70710677,0.5,0.5,0.0,0.5,0.0,0.70710677,0.70710677,1.118034,0.70710677,1.8027756,
1.4142135,1.4142135,1.4142135,1.4142135,0.70710677,0.70710677,1.4142135,1.4142135,1.4142135,0.70710677,0.70710677,0.70710677,0.70710677,0.70710677,0.70710677,0.70710677,0.70710677,0.5,0.5,0.5,0.5,0.5,0.5,0.5,0.5,0.5,0.5,0.5,0.5,0.5,0.5,0.5,0.5,0.5,0.5,0.5,0.5,0.5,0.5,0.5,0.5,0.5,0.5,0.0,0.0,0.5,0.5,0.5,0.5,0.5,0.5,0.5,0.5,0.70710677,0.5,0.5,0.5,0.5,0.5,0.0,0.5,1.0,0.5,0.5,0.5,0.5,0.70710677,0.5,0.70710677,0.70710677,0.5,0.5,0.70710677,0.70710677,1.118034,0.70710677,1.118034,1.118034,0.70710677,0.70710677,
1.4142135,1.4142135,1.4142135,1.4142135,1.4142135,0.70710677,1.4142135,1.4142135,0.70710677,0.70710677,0.70710677,1.4142135,0.70710677,0.70710677,1.4142135,0.70710677,1.118034,0.5,0.5,0.5,1.118034,0.5,0.5,0.5,0.5,0.5,0.5,0.5,0.5,0.5,0.5,0.5,0.5,0.5,0.5,0.5,0.5,0.5,0.5,0.5,0.5,0.5,0.5,0.0,0.5,0.5,0.5,0.5,0.5,0.5,0.5,0.5,0.70710677,0.5,0.5,0.5,0.5,0.5,0.5,0.5,0.5,0.5,1.0,0.5,0.0,0.0,0.5,0.0,0.5,1.118034,1.118034,1.118034,0.5,0.5,0.70710677,0.70710677,0.70710677,1.118034,1.118034,0.70710677,
1.4142135,1.4142135,1.4142135,1.118034,1.4142135,0.70710677,0.70710677,0.5,1.118034,0.70710677,1.4142135,1.4142135,0.70710677,0.70710677,0.70710677,1.4142135,0.5,0.5,0.5,0.5,0.5,0.5,0.5,0.0,0.5,0.5,0.5,0.0,0.5,0.5,0.5,0.5,0.5,0.5,0.5,0.5,0.5,0.5,0.5,0.5,0.5,0.5,0.5,0.5,0.5,0.5,0.5,0.5,0.5,0.5,0.0,0.70710677,0.5,0.5,0.5,0.70710677,0.70710677,0.5,0.5,0.5,0.5,0.5,0.5,0.70710677,0.5,0.5,0.70710677,1.118034,1.118034,0.70710677,1.118034,1.118034,0.70710677,0.70710677,0.70710677,0.70710677,0.70710677,0.70710677,1.8027756,0.70710677,
0.70710677,0.70710677,1.4142135,0.70710677,1.4142135,0.70710677,0.70710677,0.70710677,0.70710677,0.70710677,0.70710677,1.118034,0.70710677,1.4142135,1.4142135,1.118034,0.5,0.5,0.5,0.5,0.5,0.5,0.5,0.0,0.5,0.5,0.5,0.5,0.5,0.5,0.5,0.5,0.5,0.5,0.5,0.5,0.5,0.5,0.0,0.5,0.5,0.5,0.5,0.5,0.5,0.5,0.5,0.5,0.5,0.5,0.5,0.70710677,0.5,0.5,0.5,0.5,0.5,0.5,0.70710677,0.5,0.5,0.5,0.70710677,0.0,0.70710677,1.118034,0.70710677,0.5,0.5,0.5,0.70710677,0.70710677,0.70710677,0.70710677,0.70710677,0.70710677,0.70710677,0.5,0.5,0.5,
1.4142135,1.4142135,0.70710677,0.70710677,0.70710677,0.5,0.5,0.0,0.70710677,0.70710677,1.4142135,0.70710677,1.118034,1.8027756,1.4142135,0.5,0.5,0.5,0.5,0.5,0.5,0.5,0.5,0.5,0.5,0.5,1.118034,0.5,0.5,0.5,0.5,0.5,0.5,0.5,0.5,0.5,0.5,0.5,0.5,0.5,0.5,0.5,0.5,0.5,0.5,0.0,0.0,0.5,0.5,0.5,0.5,0.5,0.5,0.0,0.5,0.5,0.5,0.5,0.70710677,0.5,0.5,0.0,0.5,0.70710677,0.70710677,0.5,0.70710677,0.70710677,0.70710677,0.5,0.5,0.70710677,0.70710677,0.70710677,0.70710677,1.118034,0.70710677,0.70710677,0.70710677,0.5,
1.4142135,0.70710677,0.70710677,0.70710677,0.70710677,1.118034,0.70710677,0.70710677,1.4142135,1.4142135,0.70710677,1.118034,1.4142135,1.4142135,0.0,0.5,0.5,0.5,0.5,0.5,0.5,0.5,0.5,1.0,0.5,0.5,0.5,0.5,0.5,0.5,0.5,0.5,0.5,0.5,0.5,0.5,0.5,0.5,0.5,0.5,0.5,0.5,0.5,0.5,0.5,0.0,0.5,0.5,0.5,0.5,0.5,0.5,0.5,0.0,0.0,0.5,0.5,0.5,0.70710677,0.70710677,1.0,0.5,0.5,0.5,0.0,0.70710677,0.0,1.118034,0.70710677,0.70710677,0.5,1.0,0.70710677,0.5,0.70710677,0.70710677,1.118034,0.70710677,0.70710677,1.4142135,
0.70710677,0.70710677,1.4142135,1.4142135,2.5,1.8027756,1.4142135,1.8027756,0.70710677,1.4142135,0.70710677,1.4142135,0.70710677,0.70710677,0.5,0.5,0.0,0.5,0.5,0.5,0.5,0.5,0.70710677,0.5,0.5,0.5,0.5,0.5,0.5,0.5,0.5,0.5,0.5,0.5,1.0,0.5,0.5,1.118034,0.5,0.5,0.0,0.5,0.5,0.5,0.5,0.5,0.5,0.5,0.5,0.5,0.5,0.5,0.5,0.5,0.5,0.5,0.5,0.70710677,0.0,0.5,1.0,0.5,0.0,0.5,0.5,0.5,0.5,0.0,0.70710677,0.70710677,0.0,0.70710677,1.0,0.70710677,0.5,0.70710677,1.0,0.70710677,0.70710677,0.70710677,
0.70710677,0.70710677,1.4142135,1.4142135,1.4142135,1.8027756,1.8027756,1.8027756,1.4142135,0.70710677,0.70710677,0.70710677,1.4142135,0.0,0.5,0.5,0.5,0.5,0.5,1.0,0.5,0.5,0.5,0.5,0.5,0.5,0.5,0.5,0.0,0.0,0.5,0.5,0.5,0.5,0.5,0.5,0.5,0.5,0.5,0.5,0.5,0.5,0.5,0.5,0.5,0.5,0.5,0.5,0.5,0.5,0.5,0.0,0.5,0.5,0.5,0.5,0.5,0.0,0.5,1.0,0.70710677,0.5,0.5,0.70710677,0.5,0.70710677,0.70710677,0.5,0.70710677,0.5,0.70710677,0.5,0.5,0.5,0.5,0.70710677,0.5,0.5,0.70710677,0.5,
1.4142135,1.4142135,1.4142135,1.4142135,1.4142135,1.4142135,1.4142135,1.4142135,1.4142135,1.4142135,0.70710677,1.4142135,1.4142135,0.5,0.5,0.5,0.5,1.0,0.5,0.5,1.118034,0.5,0.5,0.5,0.5,0.5,0.5,0.5,0.5,1.0,1.0,0.5,0.5,0.5,0.5,0.5,0.5,0.5,0.5,0.5,0.5,0.5,0.5,0.5,0.5,0.5,0.5,0.5,0.5,0.5,0.5,0.5,0.70710677,0.5,0.5,0.0,0.0,0.5,0.5,0.5,0.70710677,0.5,0.5,0.5,1.118034,0.5,0.70710677,2.236068,0.70710677,1.4142135,1.4142135,0.70710677,0.70710677,1.4142135,1.4142135,0.5,0.70710677,1.4142135,2.1213202,1.118034,
1.4142135,2.1213202,2.1213202,1.4142135,1.8027756,1.8027756,1.8027756,1.4142135,0.70710677,0.70710677,1.4142135,0.70710677,0.0,0.5,0.5,1.0,0.5,1.0,0.5,0.5,0.5,0.5,0.5,0.5,0.0,0.70710677,0.70710677,0.5,0.5,0.5,0.5,0.5,0.5,0.5,0.5,0.5,0.5,0.5,0.5,0.5,0.5,0.5,0.5,0.5,0.5,0.5,0.5,0.0,0.5,0.5,0.5,0.5,0.5,0.5,0.5,0.5,0.5,0.5,0.5,0.70710677,0.5,0.70710677,0.5,0.70710677,1.118034,0.70710677,0.70710677,1.4142135,1.4142135,1.4142135,1.4142135,1.4142135,2.1213202,1.8027756,2.5,1.4142135,0.5,0.5,1.118034,2.1213202,
1.4142135,1.4142135,1.4142135,0.70710677,0.70710677,1.4142135,1.4142135,1.4142135,1.118034,1.4142135,1.4142135,1.4142135,0.5,1.0,0.5,0.5,0.5,0.5,0.5,0.5,0.70710677,0.5,0.5,0.5,0.5,0.5,0.5,0.5,0.5,0.5,1.0,0.5,0.5,0.5,0.5,0.5,0.5,1.0,0.5,0.5,0.5,0.5,0.5,0.5,0.5,0.5,0.5,0.5,0.5,0.5,0.5,0.5,0.70710677,0.5,0.5,0.5,0.5,0.5,0.70710677,0.70710677,1.0,0.5,0.70710677,0.70710677,0.5,0.5,1.8027756,1.8027756,1.8027756,1.4142135,0.5,0.5,1.4142135,1.8027756,1.118034,1.4142135,1.4142135,0.5,2.1213202,1.118034,
1.4142135,1.4142135,0.70710677,1.4142135,0.70710677,0.70710677,1.4142135,0.0,0.70710677,1.4142135,1.4142135,1.118034,1.0,0.5,0.5,1.118034,1.0,0.5,0.5,0.5,0.5,0.5,0.5,0.5,1.0,0.5,0.5,0.5,0.5,0.5,0.5,0.5,0.5,0.5,0.5,0.5,1.0,0.5,0.5,0.5,0.5,0.5,0.5,0.0,0.5,0.5,0.5,1.0,0.5,0.5,0.5,0.5,0.5,0.5,0.5,0.5,0.5,0.5,0.5,0.5,0.5,0.70710677,77.519356,0.5,0.5,0.70710677,1.118034,1.4142135,1.4142135,0.70710677,1.118034,1.4142135,0.5,1.8027756,1.118034,1.118034,3.2015622,2.5,0.5,2.1213202,
1.4142135,2.1213202,1.118034,0.70710677,1.4142135,1.4142135,0.70710677,0.70710677,0.70710677,1.4142135,1.8027756,1.5811388,0.5,1.0,0.5,0.5,0.5,0.5,0.5,0.5,0.5,0.5,0.5,0.5,0.5,0.5,0.5,0.5,0.5,0.5,0.5,0.5,0.5,0.70710677,1.0,1.118034,1.0,0.5,0.5,0.5,0.5,0.5,0.5,0.5,1.0,0.5,0.5,0.5,0.5,0.5,0.5,0.5,1.0,0.5,0.5,0.5,0.5,0.5,0.5,0.5,39.537956,0.70710677,0.70710677,0.70710677,1.4142135,1.118034,0.5,1.118034,0.70710677,0.70710677,1.118034,1.4142135,1.8027756,1.118034,0.5,1.118034,1.0,2.828427,1.118034,1.118034,
